3.300124030569169253e-01
3.295511301713999752e-01
3.290567201514561502e-01
3.285297410144625285e-01
3.279707643366053249e-01
3.273803652940497910e-01
3.267591227016016786e-01
3.261076190488053639e-01
3.254264405334185151e-01
3.247161770922183943e-01
3.239774224290803417e-01
3.232107740402795915e-01
3.224168332369673484e-01
3.215962051647710540e-01
3.207494988204705466e-01
3.198773270657058188e-01
3.189803066376705187e-01
3.180590581567451225e-01
3.171142061310321392e-01
3.161463789577482197e-01
3.151562089214373641e-01
3.141443321889617613e-01
3.131113888012422297e-01
3.120580226617036823e-01
3.109848815214023565e-01
3.098926169607925107e-01
3.087818843681129355e-01
3.076533429143574194e-01
3.065076555248056889e-01
3.053454888470907846e-01
3.041675132157770078e-01
3.029744026134310042e-01
3.017668346281638936e-01
3.005454904076260148e-01
2.993110546094451263e-01
2.980642153480860812e-01
2.968056641381276450e-01
2.955360958339421362e-01
2.942562085657749460e-01
2.929667036722138351e-01
2.916682856290511161e-01
2.903616619745302829e-01
2.890475432309869697e-01
2.877266428228806294e-01
2.863996769912257601e-01
2.850673647044325021e-01
2.837304275655638808e-01
2.823895897160239032e-01
2.810455777356930529e-01
2.796991205395250035e-01
2.783509492706297550e-01
2.770017971898612319e-01
2.756523995619352130e-01
2.743034935381062356e-01
2.729558180354326735e-01
2.716101136126611859e-01
2.702671223427666192e-01
2.689275876821834999e-01
2.675922543367698081e-01
2.662618681245457752e-01
2.649371758352502271e-01
2.636189250867640999e-01
2.623078641784507559e-01
2.610047419414636138e-01
2.597103075860788812e-01
2.584253105461070676e-01
2.571505003204480611e-01
2.558866263118460549e-01
2.546344376629167128e-01
2.533946830895044688e-01
2.521681107114491227e-01
2.509554678808282868e-01
2.497575010077498492e-01
2.485749553837751924e-01
2.474085750030488307e-01
2.462591023812179536e-01
2.451272783722235893e-01
2.440138419830531480e-01
2.429195301865366141e-01
2.418450777322831979e-01
2.407912169558462101e-01
2.397586775862114716e-01
2.387481865517079860e-01
2.377604677844361025e-01
2.367962420233152288e-01
2.358562266158529264e-01
2.349411353187390583e-01
2.340516780973706523e-01
2.331885609244142010e-01
2.323524855775135067e-01
2.315441494362570074e-01
2.307642452785109155e-01
2.300134610762351595e-01
2.292924797908938439e-01
2.286019791685793279e-01
2.279426315349603049e-01
2.273151035901788131e-01
2.267200562038092504e-01
2.261581442100012995e-01
2.256300162029277745e-01
2.251363143326521321e-01
2.246776741015482637e-01
2.242547241613838671e-01
2.238680861111931875e-01
2.235183742960663023e-01
2.232061956069682496e-01
2.229321492817232797e-01
2.226968267072730323e-01
2.225008112233424762e-01
2.223446779276332386e-01
2.222289934826610081e-01
2.221543159243690724e-01
2.221211944726276810e-01
2.221301693437507940e-01
2.221817715651406844e-01
2.222765227921876807e-01
2.224149351275362951e-01
2.225975109428386389e-01
2.228247427031122552e-01
2.230971127938110588e-01
2.234150933507302872e-01
2.237791460928504339e-01
2.241897221582374033e-01
2.246472619430984752e-01
2.251521949441114279e-01
2.257049396041214129e-01
2.263059031613195993e-01
2.269554815019902971e-01
2.276540590169410239e-01
2.284020084616992241e-01
2.291996908205786720e-01
2.300474551747002661e-01
2.309456385740623618e-01
2.318945659137419124e-01
2.328945498143165649e-01
2.339458905065817662e-01
2.350488757206447010e-01
2.362037805794746648e-01
2.374108674969716004e-01
2.386703860806337341e-01
2.399825730388820411e-01
2.413476520931079339e-01
2.427658338945060112e-01
2.442373159457408294e-01
2.457622825275110889e-01
2.473409046300523162e-01
2.489733398896274430e-01
2.506597325300501389e-01
2.524002133092727584e-01
2.541948994710856446e-01
2.560438947019479938e-01
2.579472890929880302e-01
2.599051591071883660e-01
2.619175675517857460e-01
2.639845635558988324e-01
2.661061825533926894e-01
2.682824462710003965e-01
2.705133627216965708e-01
2.727989262033321261e-01
2.751391173025283798e-01
2.775339029038190741e-01
2.799832362040430844e-01
2.824870567319578418e-01
2.850452903730792409e-01
2.876578493997049568e-01
2.903246325061172861e-01
2.930455248489233222e-01
2.958203980925118159e-01
2.986491104595857538e-01
3.015315067867370136e-01
3.044674185850200221e-01
3.074566641054770066e-01
3.104990484095739856e-01
3.135943634444848804e-01
3.167423881231823390e-01
3.199428884092657688e-01
3.231956174064710696e-01
3.265003154527976736e-01
3.298567102191853895e-01
3.332645168126695534e-01
3.367234378839440989e-01
3.402331637392517205e-01
3.437933724565344074e-01
3.474037300057468691e-01
3.510638903732611338e-01
3.547734956902752756e-01
3.585321763651325710e-01
3.623395512194644841e-01
3.661952276280637797e-01
3.700988016623948385e-01
3.740498582376390324e-01
3.780479712631816813e-01
3.820927037964374495e-01
3.861836081999150405e-01
3.903202263014101669e-01
3.945020895572286523e-01
3.987287192183339712e-01
4.029996264993005450e-01
4.073143127499749827e-01
4.116722696297313577e-01
4.160729792842059460e-01
4.205159145244028451e-01
4.250005390080562329e-01
4.295263074231350231e-01
4.340926656733780087e-01
4.386990510657413633e-01
4.433448924996454821e-01
4.480296106579058080e-01
4.527526181992308496e-01
4.575133199521727034e-01
4.623111131104150617e-01
4.671453874292801345e-01
4.720155254233441289e-01
4.769209025650378297e-01
4.818608874841330270e-01
4.868348421679791205e-01
4.918421221623963113e-01
4.968820767730987020e-01
5.019540492675450549e-01
5.070573770770967492e-01
5.121913919993800191e-01
5.173554204007367874e-01
5.225487834186621772e-01
5.277707971641139029e-01
5.330207729235943992e-01
5.382980173608977736e-01
5.436018327184140020e-01
5.489315170179016601e-01
5.542863642606057351e-01
5.596656646266505719e-01
5.650687046735836105e-01
5.704947675339903101e-01
5.759431331120840047e-01
5.814130782791698815e-01
5.869038770679062544e-01
5.924148008652594388e-01
5.979451186040799504e-01
6.034940969532046617e-01
6.090610005060053123e-01
6.146450919673074331e-01
6.202456323385903136e-01
6.258618811014051708e-01
6.314930963989234813e-01
6.371385352155524151e-01
6.427974535545413204e-01
6.484691066135188642e-01
6.541527489578834453e-01
6.598476346919927016e-01
6.655530176280887167e-01
6.712681514528970883e-01
6.769922898918425691e-01
6.827246868708323202e-01
6.884645966755464919e-01
6.942112741081926108e-01
6.999639746416713715e-01
7.057219545711077568e-01
7.114844711627107410e-01
7.172507827999116126e-01
7.230201491267457259e-01
7.287918311884418188e-01
7.345650915691840366e-01
7.403391945270122454e-01
7.461134061258321015e-01
7.518869943645040133e-01
7.576592293029931202e-01
7.634293831855429868e-01
7.691967305608642391e-01
7.749605483993106114e-01
7.807201162070283029e-01
7.864747161370599926e-01
7.922236330973922991e-01
7.979661548559343620e-01
8.037015721424175529e-01
8.094291787472065458e-01
8.151482716170203036e-01
8.208581509475523230e-01
8.265581202729930244e-01
8.322474865524485121e-01
8.379255602532670322e-01
8.435916554312583582e-01
8.492450898078245380e-01
8.548851848440064405e-01
8.605112658114453250e-01
8.661226618602773097e-01
8.717187060839640678e-01
8.772987355810771826e-01
8.828620915140458214e-01
8.884081191648829368e-01
8.939361679879060940e-01
8.994455916594736866e-01
9.049357481247433110e-01
9.104059996414884948e-01
9.158557128209796616e-01
9.212842586659604205e-01
9.266910126057370523e-01
9.320753545284068409e-01
9.374366688102502287e-01
9.427743443423118874e-01
9.480877745541984591e-01
9.533763574351172831e-01
9.586394955521895245e-01
9.638765960660621301e-01
9.690870707438510312e-01
9.742703359694436793e-01
9.794258127511954459e-01
9.845529267270514140e-01
9.896511081671187648e-01
9.947197919737346128e-01
9.997584176790522692e-01
1.004766429440185016e+00
1.009743276031942916e+00
1.014688410837189858e+00
1.019601291834867585e+00
1.024481381585710338e+00
1.029328147215695433e+00
1.034141060397258061e+00
1.038919597328313404e+00
1.043663238709117147e+00
1.048371469717005233e+00
1.053043779979046413e+00
1.057679663542645532e+00
1.062278618844136657e+00
1.066840148675402000e+00
1.071363760148550615e+00
1.075848964658699947e+00
1.080295277844895097e+00
1.084702219549198654e+00
1.089069313773996850e+00
1.093396088637554664e+00
1.097682076327850309e+00
1.101926813054743493e+00
1.106129839000495885e+00
1.110290698268690202e+00
1.114408938831587648e+00
1.118484112475948589e+00
1.122515774747364192e+00
1.126503484893130569e+00
1.130446805803700938e+00
1.134345303952752460e+00
1.138198549335903254e+00
1.142006115408118250e+00
1.145767579019827842e+00
1.149482520351813752e+00
1.153150522848874759e+00
1.156771173152323584e+00
1.160344061031341578e+00
1.163868779313224744e+00
1.167344923812558388e+00
1.170772093259353053e+00
1.174149889226168142e+00
1.177477916054268992e+00
1.180755780778838471e+00
1.183983093053279534e+00
1.187159465072645137e+00
1.190284511496217279e+00
1.193357849369277801e+00
1.196379098044094480e+00
1.199347879100158387e+00
1.202263816263700269e+00
1.205126535326515702e+00
1.207935664064135217e+00
1.210690832153362484e+00
1.213391671089216528e+00
1.216037814101300629e+00
1.218628896069635648e+00
1.221164553439984424e+00
1.223644424138687903e+00
1.226068147487059390e+00
1.228435364115346484e+00
1.230745715876307100e+00
1.232998845758414896e+00
1.235194397798727639e+00
1.237332016995450257e+00
1.239411349220215230e+00
1.241432041130111186e+00
1.243393740079489440e+00
1.245296094031573819e+00
1.247138751469903717e+00
1.248921361309638156e+00
1.250643572808749049e+00
1.252305035479132744e+00
1.253905398997666509e+00
1.255444313117240362e+00
1.256921427577790906e+00
1.258336392017367800e+00
1.259688855883260183e+00
1.260978468343212366e+00
1.262204878196758751e+00
1.263367733786705305e+00
1.264466682910791562e+00
1.265501372733557783e+00
1.266471449698448382e+00
1.267376559440189787e+00
1.268216346697460972e+00
1.268990455225896374e+00
1.269698527711452751e+00
1.270340205684167278e+00
1.270915129432343083e+00
1.271422937917194851e+00
1.271863268687985382e+00
1.272235757797690381e+00
1.272540039719223248e+00
1.272775747262257173e+00
1.272942511490677608e+00
1.273039961640705542e+00
1.273067725039722209e+00
1.273025427025839429e+00
1.272912690868250873e+00
1.272729137688404455e+00
1.272474386382030698e+00
1.272148053542079049e+00
1.271749753382592552e+00
1.271279097663567725e+00
1.270735695616844740e+00
1.270119153873070283e+00
1.269429076389778643e+00
1.268665064380636753e+00
1.267826716245902041e+00
1.266913627504140827e+00
1.265925390725255006e+00
1.264861595464871424e+00
1.263721828200143671e+00
1.262505672267016266e+00
1.261212707799011845e+00
1.259842511667592868e+00
1.258394657424151353e+00
1.256868715243695034e+00
1.255264251870276793e+00
1.253580830564238635e+00
1.251818011051325064e+00
1.249975349473733122e+00
1.248052398343164171e+00
1.246048706495944014e+00
1.243963819050276864e+00
1.241797277365705332e+00
1.239548619004850583e+00
1.237217377697495735e+00
1.234803083307099980e+00
1.232305261799808704e+00
1.229723435216043992e+00
1.227057121644752780e+00
1.224305835200394377e+00
1.221469086002747950e+00
1.218546380159631237e+00
1.215537219752609532e+00
1.212441102825789319e+00
1.209257523377782917e+00
1.205985971356940079e+00
1.202625932659936225e+00
1.199176889133816371e+00
1.195638318581593751e+00
1.192009694771497985e+00
1.188290487449980226e+00
1.184480162358574784e+00
1.180578181254725134e+00
1.176584001936679336e+00
1.172497078272570104e+00
1.168316860233781229e+00
1.164042793932725806e+00
1.159674321665139951e+00
1.155210881957016156e+00
1.150651909616297708e+00
1.145996835789445223e+00
1.141245088023010279e+00
1.136396090330330955e+00
1.131449263263483385e+00
1.126404023990615455e+00
1.121259786378788759e+00
1.116015961082471364e+00
1.110671955637802188e+00
1.105227174562773529e+00
1.099681019463464082e+00
1.094032889146462573e+00
1.088282179737620092e+00
1.082428284807278374e+00
1.076470595502111882e+00
1.070408500683732722e+00
1.064241387074201350e+00
1.057968639408592537e+00
1.051589640594766895e+00
1.045103771880490307e+00
1.038510413028062684e+00
1.031808942496597492e+00
1.024998737632110801e+00
1.018079174865569758e+00
1.011049629919056558e+00
1.003909478020196921e+00
9.966580941250133829e-01
9.892948531493555020e-01
9.818191302090569783e-01
9.742303008689825461e-01
9.665277414011114177e-01
9.587108290518122633e-01
9.507789423184663802e-01
9.427314612355864876e-01
9.345677676705845816e-01
9.262872456293369527e-01
9.178892815716980236e-01
9.093732647371046696e-01
9.007385874804219039e-01
8.919846456181657057e-01
8.831108387852503183e-01
8.741165708023922454e-01
8.650012500543086125e-01
8.557642898788416774e-01
8.464051089671356110e-01
8.369231317749912247e-01
8.273177889455197720e-01
8.175885177432105078e-01
8.077347624995245834e-01
7.977559750701187502e-01
7.876516153038044532e-01
7.774211515233315772e-01
7.670640610180905483e-01
7.565798305488130593e-01
7.459679568643464709e-01
7.352279472305719432e-01
7.243593199715231412e-01
7.133616050227630234e-01
7.022343444970579052e-01
6.909770932623838791e-01
6.795894195322935705e-01
6.680709054686563286e-01
6.564211477967751840e-01
6.446397584328775743e-01
6.327263651239593001e-01
6.206806120999540655e-01
6.085021607381853048e-01
5.961906902400452291e-01
5.837458983198342555e-01
5.711675019056752234e-01
5.584552378524085814e-01
5.456088636663548597e-01
5.326281582418143090e-01
5.195129226091630414e-01
5.062629806943833577e-01
4.928781800898495158e-01
4.793583928361713209e-01
4.657035162148835949e-01
4.519134735517461587e-01
4.379882150303994748e-01
4.239277185161045569e-01
4.097319903892702730e-01
3.954010663884536259e-01
3.809350124624943934e-01
3.663339256314225301e-01
3.515979348557592421e-01
3.367272019137975136e-01
3.217219222864387551e-01
3.065823260491231661e-01
2.913086787703782488e-01
2.759012824164751021e-01
2.603604762616629209e-01
2.446866378034201761e-01
2.288801836821380831e-01
2.129415706046236256e-01
1.968712962707766523e-01
1.806699003027792405e-01
1.643379651760920046e-01
1.478761171515370898e-01
1.312850272077067670e-01
1.145654119729176412e-01
9.771803465589454230e-02
8.074370597433927488e-02
6.364328508051247946e-02
4.641768048292443938e-02
2.906785096320160799e-02
1.159480648716726403e-02
-6.000390890857576487e-03
-2.371662613155546551e-02
-4.155273032296505353e-02
-5.950747980276785420e-02
-7.757959529161928547e-02
-9.576774103865812182e-02
-1.140705239803653792e-01
-1.324864929139620007e-01
-1.510141376865667684e-01
-1.696518884013641926e-01
-1.883981146420498909e-01
-2.072511247168529747e-01
-2.262091649234568014e-01
-2.452704188361619075e-01
-2.644330066166538651e-01
-2.836949843497658663e-01
-3.030543434056429675e-01
-3.225090098297253016e-01
-3.420568437619995183e-01
-3.616956388869699834e-01
-3.814231219158195074e-01
-4.012369521022448038e-01
-4.211347207934540982e-01
-4.411139510178328504e-01
-4.611720971107807210e-01
-4.813065443802330146e-01
-5.015146088133812796e-01
-5.217935368261021889e-01
-5.421405050566168171e-01
-5.625526202048699576e-01
-5.830269189191503720e-01
-6.035603677314200777e-01
-6.241498630428472527e-01
-6.447922311609931567e-01
-6.654842283901039046e-01
-6.862225411759229621e-01
-7.070037863064313477e-01
-7.278245111698754544e-01
-7.486811940714366287e-01
-7.695702446098376948e-01
-7.904880041151656211e-01
-8.114307461491359064e-01
-8.323946770689873986e-01
-8.533759366561496362e-01
-8.743705988107659532e-01
-8.953746723131194019e-01
-9.163841016529274963e-01
-9.373947679274345912e-01
-9.584024898091494382e-01
-9.794030245840155136e-01
-1.000392069260731320e+00
-1.021365261751856934e+00
-1.042318182127271564e+00
-1.063246353940463962e+00
-1.084145245628045373e+00
-1.105010271982804104e+00
-1.125836795700502435e+00
-1.146620129000556432e+00
-1.167355535320607318e+00
-1.188038231084916907e+00
-1.208663387546407453e+00
-1.229226132702062158e+00
-1.249721553281286868e+00
-1.270144696806740470e+00
-1.290490573727006485e+00
-1.310754159620381998e+00
-1.330930397468928383e+00
-1.351014200001824150e+00
-1.371000452106925671e+00
-1.390884013309330314e+00
-1.410659720315610599e+00
-1.430322389622265655e+00
-1.449866820186806571e+00
-1.469287796159781667e+00
-1.488580089675908269e+00
-1.507738463702361420e+00
-1.526757674942147425e+00
-1.545632476790364196e+00
-1.564357622341030041e+00
-1.582927867442037950e+00
-1.601337973795686320e+00
-1.619582712102102029e+00
-1.637656865242770543e+00
-1.655555231501276925e+00
-1.673272627818237934e+00
-1.690803893077314823e+00
-1.708143891419090954e+00
-1.725287515579489117e+00
-1.742229690249323948e+00
-1.758965375451483348e+00
-1.775489569932154676e+00
-1.791797314562422638e+00
-1.807883695746502539e+00
-1.823743848832790171e+00
-1.839372961523854766e+00
-1.854766277281440612e+00
-1.869919098722488071e+00
-1.884826791002146562e+00
-1.899484785179709645e+00
-1.913888581563368607e+00
-1.928033753029663622e+00
-1.941915948313488460e+00
-1.955530895264499858e+00
-1.968874404065779959e+00
-1.981942370410598064e+00
-1.994730778633153623e+00
-2.007235704789172459e+00
-2.019453319682290804e+00
-2.031379891832175488e+00
-2.043011790380387716e+00
-2.054345487930040903e+00
-2.065377563315382137e+00
-2.076104704297477621e+00
-2.086523710182271785e+00
-2.096631494357374947e+00
-2.106425086744021069e+00
-2.115901636160748112e+00
-2.125058412595448143e+00
-2.133892809382569311e+00
-2.142402345282352183e+00
-2.150584666459130379e+00
-2.158437548355848001e+00
-2.165958897462104460e+00
-2.173146752973160289e+00
-2.179999288337523211e+00
-2.186514812690862897e+00
-2.192691772174188536e+00
-2.198528751134376513e+00
-2.204024473205323797e+00
-2.209177802268168733e+00
-2.213987743289194121e+00
-2.218453443034241523e+00
-2.222574190658609616e+00
-2.226349418171638117e+00
-2.229778700775333800e+00
-2.232861757076620712e+00
-2.235598449172951696e+00
-2.237988782611255445e+00
-2.240032906220338571e+00
-2.241731111817094835e+00
-2.243083833787044234e+00
-2.244091648539916939e+00
-2.244755273841192889e+00
-2.245075568020688195e+00
-2.245053529059461983e+00
-2.244690293556510507e+00
-2.243987135576870795e+00
-2.242945465382954140e+00
-2.241566828051077653e+00
-2.239852901975343258e+00
-2.237805497261163179e+00
-2.235426554010884637e+00
-2.232718140504127646e+00
-2.229682451275579069e+00
-2.226321805093128603e+00
-2.222638642839356304e+00
-2.218635525299529565e+00
-2.214315130859334957e+00
-2.209680253115745341e+00
-2.204733798404452827e+00
-2.199478783247466041e+00
-2.193918331724484805e+00
-2.188055672771815452e+00
-2.181894137412597967e+00
-2.175437155922225863e+00
-2.168688254932872539e+00
-2.161651054481089851e+00
-2.154329265002490779e+00
-2.146726684277548980e+00
-2.138847194332584412e+00
-2.130694758300005098e+00
-2.122273417241907545e+00
-2.113587286941098320e+00
-2.104640554663653074e+00
-2.095437475897043544e+00
-2.085982371067903074e+00
-2.076279622243437206e+00
-2.066333669820462404e+00
-2.056149009206010181e+00
-2.045730187493393970e+00
-2.035081800137560126e+00
-2.024208487633519571e+00
-2.013114932201542473e+00
-2.001805854482778368e+00
-1.990286010248834225e+00
-1.978560187128812764e+00
-1.966633201357181449e+00
-1.954509894545777726e+00
-1.942195130483156618e+00
-1.929693791964381067e+00
-1.917010777654253761e+00
-1.904150998986894550e+00
-1.891119377104446553e+00
-1.877920839837582845e+00
-1.864560318730382749e+00
-1.851042746112027126e+00
-1.837373052217633695e+00
-1.823556162360455701e+00
-1.809596994157531391e+00
-1.795500454810753377e+00
-1.781271438445222177e+00
-1.766914823506599674e+00
-1.752435470219084745e+00
-1.737838218105494992e+00
-1.723127883570824359e+00
-1.708309257550527871e+00
-1.693387103224663681e+00
-1.678366153798906524e+00
-1.663251110353332729e+00
-1.648046639759759957e+00
-1.632757372668310225e+00
-1.617387901563765329e+00
-1.601942778892156971e+00
-1.586426515257949088e+00
-1.570843577692046633e+00
-1.555198387990778475e+00
-1.539495321125898819e+00
-1.523738703725548316e+00
-1.507932812626041841e+00
-1.492081873494236932e+00
-1.476190059520175124e+00
-1.460261490179576294e+00
-1.444300230065723500e+00
-1.428310287790153899e+00
-1.412295614951538436e+00
-1.396260105172039134e+00
-1.380207593200371674e+00
-1.364141854080740179e+00
-1.348066602386746027e+00
-1.331985491519321219e+00
-1.315902113067678236e+00
-1.299819996232224550e+00
-1.283742607308331563e+00
-1.267673349229821111e+00
-1.251615561170977164e+00
-1.235572518205858561e+00
-1.219547431023662476e+00
-1.203543445698841863e+00
-1.187563643514667033e+00
-1.171611040838888229e+00
-1.155688589050138937e+00
-1.139799174513693947e+00
-1.123945618605191266e+00
-1.108130677780900575e+00
-1.092357043693117591e+00
-1.076627343349257471e+00
-1.060944139313205303e+00
-1.045309929947485283e+00
-1.029727149694808164e+00
-1.014198169397556359e+00
-9.987252966537650822e-01
-9.833107762081706449e-01
-9.679567903768967474e-01
-9.526654595043622109e-01
-9.374388424510040618e-01
-9.222789371104154199e-01
-9.071876809545244003e-01
-8.921669516054380189e-01
-8.772185674326078431e-01
-8.623442881739800114e-01
-8.475458155798165638e-01
-8.328247940778938929e-01
-8.181828114588061140e-01
-8.036213995801189114e-01
-7.891420350881480639e-01
-7.747461401561552830e-01
-7.604350832377844149e-01
-7.462101798345766035e-01
-7.320726932764400896e-01
-7.180238355139635376e-01
-7.040647679215044086e-01
-6.901966021099924520e-01
-6.764204007484300174e-01
-6.627371783930904314e-01
-6.491479023234507650e-01
-6.356534933839101953e-01
-6.222548268303886854e-01
-6.089527331809195809e-01
-5.957479990693740346e-01
-5.826413681014974699e-01
-5.696335417124492873e-01
-5.567251800250776483e-01
-5.439169027081803831e-01
-5.312092898340370350e-01
-5.186028827345174896e-01
-5.060981848551047158e-01
-4.936956626061960729e-01
-4.813957462110672325e-01
-4.691988305499172895e-01
-4.571052759994317372e-01
-4.451154092673335616e-01
-4.332295242214060371e-01
-4.214478827125084370e-01
-4.097707153911153144e-01
-3.981982225169499179e-01
-3.867305747612869160e-01
-3.753679140015393489e-01
-3.641103541077545525e-01
-3.529579817206705550e-01
-3.419108570210055431e-01
-3.309690144896689779e-01
-3.201324636586112549e-01
-3.094011898520401815e-01
-2.987751549177506960e-01
-2.882542979483465051e-01
-2.778385359921271003e-01
-2.675277647534572423e-01
-2.573218592824244033e-01
-2.472206746536328992e-01
-2.372240466339844422e-01
-2.273317923393031181e-01
-2.175437108797033670e-01
-2.078595839935796219e-01
-1.982791766701426095e-01
-1.888022377604141600e-01
-1.794285005766241836e-01
-1.701576834799511939e-01
-1.609894904565720708e-01
-1.519236116819875360e-01
-1.429597240736065755e-01
-1.340974918315824826e-01
-1.253365669679004091e-01
-1.166765898237307475e-01
-1.081171895750654421e-01
-9.965798472666809182e-02
-9.129858359437492688e-02
-8.303858477579273423e-02
-7.487757760944124819e-02
-6.681514262240650925e-02
-5.885085196656603124e-02
-5.098426984346082769e-02
-4.321495291789223536e-02
-3.554245072032735653e-02
-2.796630603820082772e-02
-2.048605529621416732e-02
-1.310122892572096465e-02
-5.811351723311153350e-03
1.384056801300381778e-03
8.485482087975837473e-03
1.549341419932037667e-02
2.240834750420361843e-02
2.923078037151161102e-02
3.596121487400039118e-02
4.260015650213577754e-02
4.914811388777384771e-02
5.560559853756741333e-02
6.197312457595094415e-02
6.825120849757770891e-02
7.444036892907057723e-02
8.054112639994237544e-02
8.655400312255423501e-02
9.247952278096627232e-02
9.831821032854226594e-02
1.040705917941632253e-01
1.097371940969058546e-01
1.153185448690493553e-01
1.208151722872577993e-01
1.262276049118001842e-01
1.315563715336616202e-01
1.368020010294008770e-01
1.419650222236136239e-01
1.470459637588485968e-01
1.520453539728477965e-01
1.569637207829484016e-01
1.618015915775222746e-01
1.665594931142948543e-01
1.712379514254129820e-01
1.758374917291112283e-01
1.803586383478443800e-01
1.848019146327384288e-01
1.891678428942273893e-01
1.934569443387321730e-01
1.976697390112492903e-01
2.018067457437073831e-01
2.058684821089622474e-01
2.098554643802889030e-01
2.137682074962425904e-01
2.176072250307554690e-01
2.213730291683322360e-01
2.250661306842234310e-01
2.286870389294367589e-01
2.322362618204711904e-01
2.357143058336290120e-01
2.391216760037999101e-01
2.424588759275777550e-01
2.457264077705919036e-01
2.489247722789311723e-01
2.520544687945368567e-01
2.551159952744488368e-01
2.581098483137788113e-01
2.610365231723009716e-01
2.638965138045377135e-01
2.666903128932275324e-01
2.694184118860586397e-01
2.720813010355590533e-01
2.746794694420262584e-01
2.772134050993878551e-01
2.796835949438841729e-01
2.820905249054638242e-01
2.844346799617795130e-01
2.867165441946860627e-01
2.889366008491280335e-01
2.910953323943162308e-01
2.931932205870866892e-01
2.952307465373416595e-01
2.972083907754702325e-01
2.991266333216489048e-01
3.009859537569203880e-01
3.027868312959536845e-01
3.045297448613871749e-01
3.062151731596585713e-01
3.078435947582229271e-01
3.094154881640692745e-01
3.109313319034342493e-01
3.123916046026254389e-01
3.137967850698588634e-01
3.151473523780209951e-01
3.164437859482612247e-01
3.176865656343278443e-01
3.188761718075563412e-01
3.200130854424216853e-01
3.210977882025689567e-01
3.221307625272297748e-01
3.231124917179481471e-01
3.240434600255157060e-01
3.249241527370465565e-01
3.257550562630978086e-01
3.265366582247543614e-01
3.272694475405985015e-01
3.279539145134773293e-01
3.285905509169909644e-01
3.291798500816165429e-01
3.297223069803938422e-01
3.302184183140853824e-01
3.306686825957400599e-01
3.310736002345769924e-01
3.314336736191144106e-01
3.317494071994658844e-01
3.320213075687296067e-01
3.322498835433937425e-01
3.324356462426825698e-01
3.325791091667721355e-01
3.326807882737991551e-01
3.327412020555930994e-01
3.327608716120569743e-01
3.327403207241280692e-01
3.326800759252462880e-01
3.325806665712612853e-01
3.324426249087105711e-01
3.322664861413966442e-01
3.320527884951996467e-01
3.318020732810570417e-01
3.315148849560441424e-01
3.311917711824921562e-01
3.308332828850767404e-01
3.304399743058163974e-01
