0.000000000000000000e+00 2.722110311585533571e-02 1.088832203060911274e-01 2.449827752654081259e-01 4.355138080405718259e-01 6.804679758636296150e-01 9.798345543181155026e-01 1.333600438837814650e+00 1.741750146537809574e+00 2.204265818377078023e+00 2.721127221652313022e+00 3.292311752821889037e+00 3.917794440659483790e+00 4.597547949736433992e+00 5.331542584231505622e+00 6.119746292067568483e+00 6.962124669373423558e+00 7.858640965270021539e+00 8.809256086979486255e+00 9.813928605255473059e+00
5.431878827700083873e-02 8.153933734599377869e-02 1.631997924435573122e-01 2.992965774081628449e-01 4.898237325263347097e-01 7.347729153660810253e-01 1.034133401943367447e+00 1.387892088221300391e+00 1.796033491941573468e+00 2.258539754787683318e+00 2.775390644879261792e+00 3.346563559596865467e+00 3.972033528736291785e+00 4.651773217991807208e+00 5.385752932766942891e+00 6.173940622312042770e+00 7.016301884187280180e+00 7.912799969050055893e+00 8.863395785765092683e+00 9.868047906836414640e+00
2.172750165238238051e-01 2.444939034870913797e-01 3.261493724114422066e-01 4.622378475664907782e-01 6.527533699577632298e-01 8.976875981607340682e-01 1.197029809488186158e+00 1.550766901490535865e+00 1.958883393788597882e+00 2.421361430238498258e+00 2.938180781427772725e+00 3.509318847502338912e+00 4.134750661323121079e+00 4.814448891951847997e+00 5.548383848464696122e+00 6.336523484092749570e+00 7.178833400688571231e+00 8.075276853516736963e+00 9.025814756367953606e+00 1.003040568699471891e+01
4.888682749042591591e-01 5.160843918069242253e-01 5.977315507917644322e-01 7.338061768464088086e-01 9.243023121737732328e-01 1.169211617027148487e+00 1.468523370878991541e+00 1.822224473923110821e+00 2.230299448909759619e+00 2.692730443313160471e+00 3.209497231830776620e+00 3.780577219213681062e+00 4.405945443427198072e+00 5.085574579140828888e+00 5.819434941546659523e+00 6.607494490504970841e+00 7.449718835015906926e+00 8.346071238016207872e+00 9.296512621499326556e+00 1.030100157195744615e+01
8.690978800789546099e-01 8.963101191374269749e-01 9.779456449396040085e-01 1.114000883477176407e+00 1.304469878627460666e+00 1.549344292989906613e+00 1.848613409056964141e+00 2.202264130718854407e+00 2.610280985101812945e+00 3.072646124739335960e+00 3.589339330075851819e+00 4.160338012301836308e+00 4.785617216519966632e+00 5.465149625240968589e+00 6.198905562208469888e+00 6.986852996551791151e+00 7.828957547265025241e+00 8.725182488012062976e+00 9.675488752254912228e+00 1.067983493870532996e+01
1.357962874786495355e+00 1.385170128452748894e+00 1.466790698560292094e+00 1.602821012389783695e+00 1.793255115967944402e+00 2.038084674906079918e+00 2.337298975573360416e+00 2.690884926605086047e+00 3.098827060744798079e+00 3.561107537020478553e+00 4.077706143253597482e+00 4.648600298900547045e+00 5.273765058225521329e+00 5.953173113804188787e+00 6.686794800356780755e+00 7.474598098909789101e+00 8.316548641284891019e+00 9.212609714914103520e+00 1.016274226797907332e+01 1.116690491487440795e+01
1.955462027256092306e+00 1.982663188277654864e+00 2.064265481116546841e+00 2.200265334625767455e+00 2.390656797454045357e+00 2.635431538886623404e+00 2.934578850021696717e+00 3.288085645282632363e+00 3.695936464265111354e+00 4.158113473918974456e+00 4.674596471064017322e+00 5.245362885238948891e+00 5.870387781882597800e+00 6.549643865846897839e+00 7.283101485240020878e+00 8.070728635598856116e+00 8.912490964389903070e+00 9.808351775836374742e+00 1.075827203607174987e+01 1.176221037861607321e+01
2.661593830451178810e+00 2.688787791925542514e+00 2.770368487064755136e+00 2.906332346575708492e+00 3.096673422198724879e+00 3.341383387550794559e+00 3.640451539305966655e+00 3.993864798711904918e+00 4.401607713443090653e+00 4.863662459789281023e+00 5.380008845179133914e+00 5.950624311037902459e+00 6.575483935978587269e+00 7.254560439325699939e+00 7.987824184969918306e+00 8.775243185553703640e+00 9.616783106985518970e+00 1.051240727328193181e+01 1.146207667173617750e+01 1.246574995841151612e+01
3.476356501142628286e+00 3.503542156564861010e+00 3.585097934919259544e+00 3.721020269046043438e+00 3.911303214243098125e+00 4.155938449112199784e+00 4.454915276743336428e+00 4.808220626236912487e+00 5.215839054563390143e+00 5.677752748759415269e+00 6.193941528460400470e+00 6.764382848768182299e+00 7.389051803453554612e+00 8.067921128491903460e+00 8.800961205931871589e+00 9.588140068094956447e+00 1.042942340210569263e+01 1.132477455475032002e+01 1.227415453766297126e+01 1.327752203283792021e+01
4.399747978810619742e+00 4.426924222112756269e+00 4.508451766143202200e+00 4.644327046152746163e+00 4.834544121458655752e+00 5.079094676294656274e+00 5.377968020999608356e+00 5.731151093545920894e+00 6.138628461406248960e+00 6.600382323758569036e+00 7.116392514028438754e+00 7.686636502768028123e+00 8.311089400871018995e+00 8.989723963122068895e+00 9.722510592080475078e+00 1.050941734229613900e+01 1.135040992485672540e+01 1.224545171226559148e+01 1.319450374364737399e+01 1.419752473028130524e+01
5.431765924373401333e+00 5.458931649954109844e+00 5.540427643864576090e+00 5.676250344040277618e+00 5.866393814275507879e+00 6.110849745076539108e+00 6.409607454855665409e+00 6.762653891466246847e+00 7.169973634077436486e+00 7.631548895388601039e+00 8.147359524182485657e+00 8.717383008216948781e+00 9.341594477453286416e+00 1.001996670762086161e+01 1.075247012411729308e+01 1.153907280624236975e+01 1.237974049176446556e+01 1.327443658181848463e+01 1.422312214613398140e+01 1.522575592859078242e+01
6.572407718741275495e+00 6.599561821484681623e+00 6.681022951414972155e+00 6.816787549423930059e+00 7.006849684235021414e+00 7.251201053260670548e+00 7.549830983802110040e+00 7.902726434591143878e+00 8.309871997674074251e+00 8.771249900635924135e+00 9.286840009166096976e+00 9.856619829962875556e+00 1.048056451397700783e+01 1.115864685999275352e+01 1.189083731854606896e+01 1.267710399617745232e+01 1.351741266001997488e+01 1.441172674271892440e+01 1.536000734768363074e+01 1.636221325466821597e+01
7.821670461193852120e+00 7.848811836475451997e+00 7.930234790689747015e+00 8.065935767952684188e+00 8.255908842363860245e+00 8.500145718867747391e+00 8.798635734459514524e+00 9.151365859735008712e+00 9.558320700782962476e+00 1.001948250142165264e+01 1.053483114577638879e+01 1.110434416119835532e+01 1.172799672152491723e+01 1.240576165067770376e+01 1.313760942660014308e+01 1.392350818553165581e+01 1.476342372661716595e+01 1.565731951685133794e+01 1.660515669635561409e+01 1.760689408398613054e+01
9.179550967577958076e+00 9.206678511256711772e+00 9.288059980326144327e+00 9.423691822391051076e+00 9.613568117367805144e+00 9.857680578350263900e+00 1.015601855282215027e+01 1.050856902421444161e+01 1.091531661380875207e+01 1.137624358298473481e+01 1.189132983581147229e+01 1.246055292198187914e+01 1.308388804008954054e+01 1.376130804124619544e+01 1.449278343303901551e+01 1.527828238382767267e+01 1.611777072737714889e+01 1.701121196782782619e+01 1.795856728499908428e+01 1.895979554002619949e+01
1.064604576832462079e+01 1.067315837671884182e+01 1.075449505369789271e+01 1.089005225061605309e+01 1.107982405364092493e+01 1.132380218462404642e+01 1.162197600231978711e+01 1.197433250395199877e+01 1.238085632712728668e+01 1.284152975209515546e+01 1.335633270435347519e+01 1.392524275759930674e+01 1.454823513702346105e+01 1.522528272294773188e+01 1.595635605480429220e+01 1.674142333545541561e+01 1.758045043585197931e+01 1.847340090002995439e+01 1.942023595044298290e+01 2.042091449362894551e+01
1.222115110628100254e+01 1.224824767612646959e+01 1.232953625672181097e+01 1.246501330342706559e+01 1.265467290908819109e+01 1.289850680491300139e+01 1.319650436169662377e+01 1.354865259139723221e+01 1.395493614906056123e+01 1.441533733509261950e+01 1.492983609788073451e+01 1.549841003676066720e+01 1.612103440533021370e+01 1.679768211510736364e+01 1.752832373953207679e+01 1.831292751831045251e+01 1.915145936209962940e+01 2.004388285753224253e+01 2.099015927257920566e+01 2.199024756224725152e+01
1.390486293435511911e+01 1.393194236274436193e+01 1.401317954547474898e+01 1.414857094216423050e+01 1.433811065275706298e+01 1.458179041840516632e+01 1.487959962270097591e+01 1.523152529326214832e+01 1.563755210366789683e+01 1.609766237574490688e+01 1.661183608220427388e+01 1.718005084962549134e+01 1.780228196179056610e+01 1.847850236336283558e+01 1.920868266391291712e+01 1.999279114228763987e+01 2.083079375132311029e+01 2.172265412289783981e+01 2.266833357332622256e+01 2.366779110908984762e+01
1.569717691297002560e+01 1.572423809726940647e+01 1.580542058361597668e+01 1.594072083613258428e+01 1.613013296227408588e+01 1.637364871371336150e+01 1.667125748758213533e+01 1.702294632806555086e+01 1.742869992834961224e+01 1.788850063292196424e+01 1.840232844022357384e+01 1.897016100565238972e+01 1.959197364491640059e+01 2.026773933773543845e+01 2.099742873189093473e+01 2.178101014762156140e+01 2.261844958236400416e+01 2.350971071583686012e+01 2.445475491546542202e+01 2.545354124214759395e+01
1.759808840732386415e+01 1.762513024506704440e+01 1.770625473961180774e+01 1.784145835982775097e+01 1.803073522108363136e+01 1.827407708613855775e+01 1.857147336639084756e+01 1.892291112348193138e+01 1.932837507125682563e+01 1.978784757807795458e+01 2.030130866949449242e+01 2.086873603126409549e+01 2.149010501272631046e+01 2.216538863052765862e+01 2.289455757269654157e+01 2.367758020306553490e+01 2.451442256604067893e+01 2.540504839171699913e+01 2.634941910133647980e+01 2.734749381308752447e+01
1.960759248445052449e+01 1.963461387320690932e+01 1.971567708375847161e+01 1.985077858995783373e+01 2.003991251548203678e+01 2.028307063472923133e+01 2.058024237407548185e+01 2.093141481348859045e+01 2.133657268850076250e+01 2.179569839253746366e+01 2.230877197960335678e+01 2.287577116732239091e+01 2.349667134033332161e+01 2.417144555403796602e+01 2.490006453870043046e+01 2.568249670389814909e+01 2.651870814332061954e+01 2.740866263991570406e+01 2.835232167138183712e+01 2.934964441600332208e+01
