1.039481686723950360e-02
7.906779651060291680e-03
5.436205174179725708e-03
2.983347032973593382e-03
5.484567704045761882e-04
-1.868216170866798809e-03
-4.266424495067588918e-03
-6.645923099580536286e-03
-9.006469120876825496e-03
-1.134782198010053644e-02
-1.366974342828788935e-02
-1.597199759120770945e-02
-1.825435101380595837e-02
-2.051657270424162016e-02
-2.275843417749659481e-02
-2.497970949854677603e-02
-2.718017532507768785e-02
-2.935961094973069119e-02
-3.151779834186629881e-02
-3.365452218882739044e-02
-3.576956993669019869e-02
-3.786273183048813329e-02
-3.993380095389373330e-02
-4.198257326834575753e-02
-4.400884765160598122e-02
-4.601242593573437456e-02
-4.799311294446673148e-02
-4.995071652998278600e-02
-5.188504760905116031e-02
-5.379592019853920992e-02
-5.568315145027258328e-02
-5.754656168523467064e-02
-5.938597442709275809e-02
-6.120121643503642628e-02
-6.299211773592086616e-02
-6.475851165569931900e-02
-6.650023485013509261e-02
-6.821712733478185742e-02
-6.990903251422211917e-02
-7.157579721055012945e-02
-7.321727169109390476e-02
-7.483330969536097776e-02
-7.642376846120260692e-02
-7.798850875018334405e-02
-7.952739487214988134e-02
-8.104029470898749254e-02
-8.252707973755774029e-02
-8.398762505180742965e-02
-8.542180938404242418e-02
-8.682951512535752592e-02
-8.821062834521548046e-02
-8.956503881016888990e-02
-9.089264000171656810e-02
-9.219332913329023049e-02
-9.346700716636446860e-02
-9.471357882568434694e-02
-9.593295261360529347e-02
-9.712504082354217472e-02
-9.828975955251947894e-02
-9.942702871282252386e-02
-1.005367720427434164e-01
-1.016189171164183502e-01
-1.026733953527547705e-01
-1.037001420234443250e-01
-1.046990962600598818e-01
-1.056702010602346142e-01
-1.066134032929219044e-01
-1.075286537027341227e-01
-1.084159069133603936e-01
-1.092751214300630158e-01
-1.101062596412511752e-01
-1.109092878191337284e-01
-1.116841761194515281e-01
-1.124308985802902616e-01
-1.131494331199742187e-01
-1.138397615340453473e-01
-1.145018694913276791e-01
-1.151357465290798465e-01
-1.157413860472405465e-01
-1.163187853017687567e-01
-1.168679453970813409e-01
-1.173888712775958965e-01
-1.178815717183790412e-01
-1.183460593149079365e-01
-1.187823504719484613e-01
-1.191904653915574208e-01
-1.195704280602114811e-01
-1.199222662350734603e-01
-1.202460114293985305e-01
-1.205416988970893777e-01
-1.208093676164069818e-01
-1.210490602728446774e-01
-1.212608232411733211e-01
-1.214447065666654502e-01
-1.216007639455077283e-01
-1.217290527044094794e-01
-1.218296337794175233e-01
-1.219025716939454440e-01
-1.219479345360281186e-01
-1.219657939348111342e-01
-1.219562250362848377e-01
-1.219193064782740921e-01
-1.218551203646945080e-01
-1.217637522390861149e-01
-1.216452910574353508e-01
-1.214998291602974456e-01
-1.213274622442307715e-01
-1.211282893325551502e-01
-1.209024127454463304e-01
-1.206499380693783763e-01
-1.203709741259287869e-01
-1.200656329399556466e-01
-1.197340297071636528e-01
-1.193762827610687360e-01
-1.189925135393774813e-01
-1.185828465497927864e-01
-1.181474093352610222e-01
-1.176863324386729359e-01
-1.171997493670343116e-01
-1.166877965551174623e-01
-1.161506133286119291e-01
-1.155883418667845997e-01
-1.150011271646660949e-01
-1.143891169947779396e-01
-1.137524618684136180e-01
-1.130913149964899445e-01
-1.124058322499824625e-01
-1.116961721199606905e-01
-1.109624956772363724e-01
-1.102049665316421345e-01
-1.094237507909535112e-01
-1.086190170194700766e-01
-1.077909361962715584e-01
-1.069396816731623956e-01
-1.060654291323211984e-01
-1.051683565436697387e-01
-1.042486441219759308e-01
-1.033064742837073724e-01
-1.023420316036484923e-01
-1.013555027712989554e-01
-1.003470765470644288e-01
-9.931694371825910972e-02
-9.826529705493172728e-02
-9.719233126553075697e-02
-9.609824295242405667e-02
-9.498323056728652514e-02
-9.384749436637207509e-02
-9.269123636568263325e-02
-9.151466029604934938e-02
-9.031797155814061395e-02
-8.910137717741051233e-02
-8.786508575900225937e-02
-8.660930744262054781e-02
-8.533425385738524493e-02
-8.404013807668381242e-02
-8.272717457303063737e-02
-8.139557917295184297e-02
-8.004556901190579277e-02
-7.867736248925302767e-02
-7.729117922328915258e-02
-7.588724000635341249e-02
-7.446576676002458761e-02
-7.302698249041772449e-02
-7.157111124359391563e-02
-7.009837806109439629e-02
-6.860900893561128200e-02
-6.710323076680813070e-02
-6.558127131729857284e-02
-6.404335916879752566e-02
-6.248972367845381792e-02
-6.092059493537810289e-02
-5.933620371737194366e-02
-5.773678144787403044e-02
-5.612256015312955260e-02
-5.449377241959568741e-02
-5.285065135159044969e-02
-5.119343052919694825e-02
-4.952234396643143133e-02
-4.783762606968339215e-02
-4.613951159643836508e-02
-4.442823561429121160e-02
-4.270403346025808400e-02
-4.096714070039597644e-02
-3.921779308973838418e-02
-3.745622653255251122e-02
-3.568267704292910070e-02
-3.389738070570907924e-02
-3.210057363775553618e-02
-3.029249194957869817e-02
-2.847337170731784051e-02
-2.664344889508990510e-02
-2.480295937770846115e-02
-2.295213886377958645e-02
-2.109122286918116429e-02
-1.922044668093003672e-02
-1.734004532144220456e-02
-1.545025351319212481e-02
-1.355130564377507452e-02
-1.164343573137638366e-02
-9.726877390653532185e-03
-7.801863799033692537e-03
-5.868627663431241759e-03
-3.927401187388879222e-03
-1.978416038645069985e-03
-2.190331713169957339e-05
1.941906476595089970e-03
3.912783472489356207e-03
5.890498461710358402e-03
7.874822926879354590e-03
9.865529071891088186e-03
1.186238985128379442e-02
1.386517899916156482e-02
1.587367105766962494e-02
1.788764140502141498e-02
1.990686628307622441e-02
2.193112282446482708e-02
2.396018907926578123e-02
2.599384404122934145e-02
2.803186767354876041e-02
3.007404093418142299e-02
3.212014580071598235e-02
3.416996529478952271e-02
3.622328350605252822e-02
3.827988561568435033e-02
4.033955791945784131e-02
4.240208785035581851e-02
4.446726400074008101e-02
4.653487614407353368e-02
4.860471525619750044e-02
5.067657353616647486e-02
5.275024442663994728e-02
5.482552263383547175e-02
5.690220414704397212e-02
5.898008625770920221e-02
6.105896757807444120e-02
6.313864805939770064e-02
6.521892900973938478e-02
6.729961311132476309e-02
6.938050443748211560e-02
7.146140846916285150e-02
7.354213211104371206e-02
7.562248370721633139e-02
7.770227305646484894e-02
7.978131142713829060e-02
8.185941157161832904e-02
8.393638774038686412e-02
8.601205569569758680e-02
8.808623272485507916e-02
9.015873765310455923e-02
9.222939085613646171e-02
9.429801427221051746e-02
9.636443141390238498e-02
9.842846737947785751e-02
1.004899488638976157e-01
1.025487041694577439e-01
1.046045632160701455e-01
1.066573575511874650e-01
1.087069203593750977e-01
1.107530864715376706e-01
1.127956923738021866e-01
1.148345762160629113e-01
1.168695778201934155e-01
1.189005386879292969e-01
1.209273020084266070e-01
1.229497126655010597e-01
1.249676172445515210e-01
1.269808640391747456e-01
1.289893030574725541e-01
1.309927860280605261e-01
1.329911664057785159e-01
1.349842993771122879e-01
1.369720418653261884e-01
1.389542525353161528e-01
1.409307917981849345e-01
1.429015218155451628e-01
1.448663065035553921e-01
1.468250115366928343e-01
1.487775043512698792e-01
1.507236541486954851e-01
1.526633318984891574e-01
1.545964103410520096e-01
1.565227639901974055e-01
1.584422691354481771e-01
1.603548038441040824e-01
1.622602479630842476e-01
1.641584831205484263e-01
1.660493927273039572e-01
1.679328619779993925e-01
1.698087778521124580e-01
1.716770291147357574e-01
1.735375063171632481e-01
1.753901017972841481e-01
1.772347096797868560e-01
1.790712258761784914e-01
1.808995480846222470e-01
1.827195757895996586e-01
1.845312102613992922e-01
1.863343545554375369e-01
1.881289135114140587e-01
1.899147937523081586e-01
1.916919036832174239e-01
1.934601534900439457e-01
1.952194551380318777e-01
1.969697223701597499e-01
1.987108707053908130e-01
2.004428174367859916e-01
2.021654816294821411e-01
2.038787841185394911e-01
2.055826475066611370e-01
2.072769961617898504e-01
2.089617562145815177e-01
2.106368555557627809e-01
2.123022238333739098e-01
2.139577924498987649e-01
2.156034945592881502e-01
2.172392650638755029e-01
2.188650406111912194e-01
2.204807595906764228e-01
2.220863621302988089e-01
2.236817900930746228e-01
2.252669870734975155e-01
2.268418983938779443e-01
2.284064711005951431e-01
2.299606539602634392e-01
2.315043974558166351e-01
2.330376537825099570e-01
2.345603768438447312e-01
2.360725222474155116e-01
2.375740473006821007e-01
2.390649110066689342e-01
2.405450740595926618e-01
2.420144988404204223e-01
2.434731494123597018e-01
2.449209915162808282e-01
2.463579925660762115e-01
2.477841216439528038e-01
2.491993494956648569e-01
2.506036485256823987e-01
2.519969927923012554e-01
2.533793580026933445e-01
2.547507215078970155e-01
2.561110622977522677e-01
2.574603609957765160e-01
2.587985998539863441e-01
2.601257627476620260e-01
2.614418351700585896e-01
2.627468042270611481e-01
2.640406586317866067e-01
2.653233886991319124e-01
2.665949863402679032e-01
2.678554450570800327e-01
2.691047599365569698e-01
2.703429276451236873e-01
2.715699464229232030e-01
2.727858160780437524e-01
2.739905379806928387e-01
2.751841150573166583e-01
2.763665517846669584e-01
2.775378541838107171e-01
2.786980298140872003e-01
2.798470877670077850e-01
2.809850386601000505e-01
2.821118946306955255e-01
2.832276693296588710e-01
2.843323779150594421e-01
2.854260370457832319e-01
2.865086648750850284e-01
2.875802810440792889e-01
2.886409066751687291e-01
2.896905643654102969e-01
2.907292781798168635e-01
2.917570736445925239e-01
2.927739777403025601e-01
2.937800188949744595e-01
2.947752269771303224e-01
2.957596332887482138e-01
2.967332705581516294e-01
2.976961729328255757e-01
2.986483759721574871e-01
2.995899166401013169e-01
3.005208332977645780e-01
3.014411656959139485e-01
3.023509549674010533e-01
3.032502436195042561e-01
3.041390755261860201e-01
3.050174959202630598e-01
3.058855513854893959e-01
3.067432898485477621e-01
3.075907605709499726e-01
3.084280141408430875e-01
3.092551024647198776e-01
3.100720787590319216e-01
3.108789975417020623e-01
3.116759146235366651e-01
3.124628870995337926e-01
3.132399733400853536e-01
3.140072329820731145e-01
3.147647269198536324e-01
3.155125172961333324e-01
3.162506674927290096e-01
3.169792421212130895e-01
3.176983070134423714e-01
3.184079292119650351e-01
3.191081769603090201e-01
3.197991196931442848e-01
3.204808280263214404e-01
3.211533737467814342e-01
3.218168298023368901e-01
3.224712702913207218e-01
3.231167704521028528e-01
3.237534066524695997e-01
3.243812563788676107e-01
3.250003982255074142e-01
3.256109118833255822e-01
3.262128781288052282e-01
3.268063788126499558e-01
3.273914968483127019e-01
3.279683162003748098e-01
3.285369218727756668e-01
3.290973998968904635e-01
3.296498373194534093e-01
3.301943221903271275e-01
3.307309435501131767e-01
3.312597914176065861e-01
3.317809567770876877e-01
3.322945315654552978e-01
3.328006086591942525e-01
3.332992818611807961e-01
3.337906458873207693e-01
3.342747963530221522e-01
3.347518297594981873e-01
3.352218434799025260e-01
3.356849357452927896e-01
3.361412056304228235e-01
3.365907530393633662e-01
3.370336786909477467e-01
3.374700841040445543e-01
3.379000715826547818e-01
3.383237442008327767e-01
3.387412057874309435e-01
3.391525609106677552e-01
3.395579148625171850e-01
3.399573736429211679e-01
3.403510439438224844e-01
3.407390331330198974e-01
3.411214492378442098e-01
3.414984009286538558e-01
3.418699975021539661e-01
3.422363488645340790e-01
3.425975655144274934e-01
3.429537585256925425e-01
3.433050395300147328e-01
3.436515206993313032e-01
3.439933147280768710e-01
3.443305348152543299e-01
3.446632946463273894e-01
3.449917083749377000e-01
3.453158906044486165e-01
3.456359563693132686e-01
3.459520211162709913e-01
3.462642006853718368e-01
3.465726112908299461e-01
3.468773695017092762e-01
3.471785922224392973e-01
3.474763966731675424e-01
3.477709003699442913e-01
3.480622211047472714e-01
3.483504769253438216e-01
3.486357861149940174e-01
3.489182671719973095e-01
3.491980387890842863e-01
3.494752198326552817e-01
3.497499293218686578e-01
3.500222864075819840e-01
3.502924103511474430e-01
3.505604205030637965e-01
3.508264362814902393e-01
3.510905771506215300e-01
3.513529625989293970e-01
3.516137121172742686e-01
3.518729451768870531e-01
3.521307812072279608e-01
3.523873395737233682e-01
3.526427395553853872e-01
3.528971003223166925e-01
3.531505409131056594e-01
3.534031802121140320e-01
3.536551369266626721e-01
3.539065295641171671e-01
3.541574764088797900e-01
3.544080954992910870e-01
3.546585046044434253e-01
3.549088212009143817e-01
3.551591624494215838e-01
3.554096451714048310e-01
3.556603858255401596e-01
3.559115004841889585e-01
3.561631048097905761e-01
3.564153140311986379e-01
3.566682429199695692e-01
3.569220057666075419e-01
3.571767163567693970e-01
3.574324879474372052e-01
3.576894332430625711e-01
3.579476643716869577e-01
3.582072928610459672e-01
3.584684296146609661e-01
3.587311848879247145e-01
3.589956682641863295e-01
3.592619886308417998e-01
3.595302541554339371e-01
3.598005722617717561e-01
3.600730496060700059e-01
3.603477920531186207e-01
3.606249046524868662e-01
3.609044916147683413e-01
3.611866562878718323e-01
3.614715011333671790e-01
3.617591277028889274e-01
3.620496366146062073e-01
3.623431275297643306e-01
3.626396991293051042e-01
3.629394490905712978e-01
3.632424740641019278e-01
3.635488696505261852e-01
3.638587303775597248e-01
3.641721496771131994e-01
3.644892198625155344e-01
3.648100321058630469e-01
3.651346764154969060e-01
3.654632416136172623e-01
3.657958153140420388e-01
3.661324839001128817e-01
3.664733325027594857e-01
3.668184449787257329e-01
3.671679038889652524e-01
3.675217904772128952e-01
3.678801846487388394e-01
3.682431649492912684e-01
3.686108085442347249e-01
3.689831911978904144e-01
3.693603872530843990e-01
3.697424696109116171e-01
3.701295097107201171e-01
3.705215775103228304e-01
3.709187414664445459e-01
3.713210685154072488e-01
3.717286240540634834e-01
3.721414719209812372e-01
3.725596743778881725e-01
3.729832920913804806e-01
3.734123841149032952e-01
3.738470078710064426e-01
3.742872191338851851e-01
3.747330720122076242e-01
3.751846189322384229e-01
3.756419106212605663e-01
3.761049960913050438e-01
3.765739226231905046e-01
3.770487357508804926e-01
3.775294792461625359e-01
3.780161951036551948e-01
3.785089235261477891e-01
3.790077029102775219e-01
3.795125698325506614e-01
3.800235590357109450e-01
3.805407034154602020e-01
3.810640340075382992e-01
3.815935799751632440e-01
3.821293685968391030e-01
3.826714252545350137e-01
3.832197734222387853e-01
3.837744346548910834e-01
3.843354285777031976e-01
3.849027728758611100e-01
3.854764832846232503e-01
3.860565735798119347e-01
3.866430555687034865e-01
3.872359390813218116e-01
3.878352319621363176e-01
3.884409400621698372e-01
3.890530672315172245e-01
3.896716153122797843e-01
3.902965841319164242e-01
3.909279714970164687e-01
3.915657731874933600e-01
3.922099829512056268e-01
3.928605924990039022e-01
3.935175915002084857e-01
3.941809675785172828e-01
3.948507063083491198e-01
3.955267912116194884e-01
3.962092037549558299e-01
3.968979233473478585e-01
3.975929273382398654e-01
3.982941910160618937e-01
3.990016876072018381e-01
3.997153882754207466e-01
4.004352621217106556e-01
4.011612761845947950e-01
4.018933954408725473e-01
4.026315828068078306e-01
4.033757991397610154e-01
4.041260032402648195e-01
4.048821518545440701e-01
4.056441996774786118e-01
4.064120993560082495e-01
4.071858014929803371e-01
4.079652546514382361e-01
4.087504053593498110e-01
4.095411981147751845e-01
4.103375753914725310e-01
4.111394776449392441e-01
4.119468433188891998e-01
4.127596088521623408e-01
4.135777086860658036e-01
4.144010752721445368e-01
4.152296390803790205e-01
4.160633286078077031e-01
4.169020703875727651e-01
4.177457889983851036e-01
4.185944070744079815e-01
4.194478453155537911e-01
4.203060224981940429e-01
4.211688554862771383e-01
4.220362592428525961e-01
4.229081468419968459e-01
4.237844294811382584e-01
4.246650164937781913e-01
4.255498153626021129e-01
4.264387317329810245e-01
4.273316694268553539e-01
4.282285304569998785e-01
4.291292150416643469e-01
4.300336216195865258e-01
4.309416468653722854e-01
4.318531857052395617e-01
4.327681313331209756e-01
4.336863752271203909e-01
4.346078071663189157e-01
4.355323152479265714e-01
4.364597859047726347e-01
4.373901039231318788e-01
4.383231524608804941e-01
4.392588130659769163e-01
4.401969656952622323e-01
4.411374887335750561e-01
4.420802590131761578e-01
4.430251518334756278e-01
4.439720409810594126e-01
4.449207987500084505e-01
4.458712959625042438e-01
4.468234019897173726e-01
4.477769847729709540e-01
4.487319108451741645e-01
4.496880453525212706e-01
4.506452520764476777e-01
4.516033934558404406e-01
4.525623306094939124e-01
4.535219233588076992e-01
4.544820302507189824e-01
4.554425085808629925e-01
4.564032144169577476e-01
4.573640026224053412e-01
4.583247268801027285e-01
4.592852397164591816e-01
4.602453925256107525e-01
4.612050355938284718e-01
4.621640181241118972e-01
4.631221882609630192e-01
4.640793931153360807e-01
4.650354787897523212e-01
4.659902904035794213e-01
4.669436721184649919e-01
4.678954671639208307e-01
4.688455178630496212e-01
4.697936656584101867e-01
4.707397511380135846e-01
4.716836140614445450e-01
4.726250933861023129e-01
4.735640272935551787e-01
4.745002532160018660e-01
4.754336078628343398e-01
4.763639272472968145e-01
4.772910467132330248e-01
4.782148009619188178e-01
4.791350240789715165e-01
4.800515495613319472e-01
4.809642103443130812e-01
4.818728388287087938e-01
4.827772669079588019e-01
4.836773259953619508e-01
4.845728470513346320e-01
4.854636606107068930e-01
4.863495968100524092e-01
4.872304854150453224e-01
4.881061558478403395e-01
4.889764372144698723e-01
4.898411583322526686e-01
4.907001477572097148e-01
4.915532338114817490e-01
4.924002446107442199e-01
4.932410080916128092e-01
4.940753520390376297e-01
4.949031041136784381e-01
4.957240918792573670e-01
4.965381428298855093e-01
4.973450844173568086e-01
4.981447440784064207e-01
4.989369492619276647e-01
4.997215274561450649e-01
5.004983062157370988e-01
5.012671131889067100e-01
5.020277761443923126e-01
5.027801229984196763e-01
5.035239818415864210e-01
5.042591809656783441e-01
5.049855488904111400e-01
5.057029143900967361e-01
5.064111065202281381e-01
5.071099546439808980e-01
5.077992884586254307e-01
5.084789380218510679e-01
5.091487337779940781e-01
5.098085065841675423e-01
5.104580877362930869e-01
5.110973089950268111e-01
5.117260026115797444e-01
5.123440013534285020e-01
5.129511385299136972e-01
5.135472480177232235e-01
5.141321642862580754e-01
5.147057224228782646e-01
5.152677581580252797e-01
5.158181078902200900e-01
5.163566087109334735e-01
5.168830984293268926e-01
5.173974155968615873e-01
5.178993995317736632e-01
5.183888903434130668e-01
5.188657289564452268e-01
5.193297571349128061e-01
5.197808175061564562e-01
5.202187535845904653e-01
5.206434097953371865e-01
5.210546314977112514e-01
5.214522650085589017e-01
5.218361576254459955e-01
5.222061576496970225e-01
5.225621144092809089e-01
5.229038782815446096e-01
5.232313007157918250e-01
5.235442342557063977e-01
5.238425325616199446e-01
5.241260504326213931e-01
5.243946438285079781e-01
5.246481698915785863e-01
5.248864869682656753e-01
5.251094546306060984e-01
5.253169336975535009e-01
5.255087862561250711e-01
5.256848756823877533e-01
5.258450666622814795e-01
5.259892252122776446e-01
5.261172186998748224e-01
5.262289158639289477e-01
5.263241868348195185e-01
5.264029031544501525e-01
5.264649377960848309e-01
5.265101651840164987e-01
5.265384612130724618e-01
5.265497032679516964e-01
5.265437702423971800e-01
5.265205425582020204e-01
5.264799021840487203e-01
5.264217326541825726e-01
5.263459190869195226e-01
5.262523482029854982e-01
5.261409083436924261e-01
5.260114894889452719e-01
5.258639832750852117e-01
5.256982830125647155e-01
5.255142837034584291e-01
5.253118820588074112e-01
5.250909765157970588e-01
5.248514672547706095e-01
5.245932562160764423e-01
5.243162471167506222e-01
5.240203454670333549e-01
5.237054585867214618e-01
5.233714956213559866e-01
5.230183675582437131e-01
5.226459872423163677e-01
5.222542693918236223e-01
5.218431306138624493e-01
5.214124894197429416e-01
5.209622662401893756e-01
5.204923834403771821e-01
5.200027653348080481e-01
5.194933382020181512e-01
5.189640302991255227e-01
5.184147718762130985e-01
5.178454951905474557e-01
5.172561345206345695e-01
5.166466261801121451e-01
5.160169085314784132e-01
5.153669219996567241e-01
5.146966090853968279e-01
5.140059143785120632e-01
5.132947845709531220e-01
5.125631684697165014e-01
5.118110170095895306e-01
5.110382832657300867e-01
5.102449224660818849e-01
5.094308920036239030e-01
5.085961514484542700e-01
5.077406625597086220e-01
5.068643892973110354e-01
5.059672978335589821e-01
5.050493565645390870e-01
5.041105361213769065e-01
5.031508093813166216e-01
5.021701514786311993e-01
5.011685398153626902e-01
5.001459540718919961e-01
4.991023762173363298e-01
4.980377905197742594e-01
4.969521835562970002e-01
4.958455442228853483e-01
4.947178637441112525e-01
4.935691356826624188e-01
4.923993559486891103e-01
4.912085228089718147e-01
4.899966368959094432e-01
4.887637012163244532e-01
4.875097211600867286e-01
4.862347045085519959e-01
4.849386614428141673e-01
4.836216045517714446e-01
4.822835488400019077e-01
4.809245117354497001e-01
4.795445130969173686e-01
4.781435752213656354e-01
4.767217228510154947e-01
4.752789831802529119e-01
4.738153858623337933e-01
4.723309630158866734e-01
4.708257492312107884e-01
4.692997815763685909e-01
4.677530996030691002e-01
4.661857453523406969e-01
4.645977633599908674e-01
4.629892006618495648e-01
4.613601067987955773e-01
4.597105338215617953e-01
4.580405362953167137e-01
4.563501713040206131e-01
4.546394984545535367e-01
4.529085798806111174e-01
4.511574802463667044e-01
4.493862667498959573e-01
4.475950091263622976e-01
4.457837796509580564e-01
4.439526531416008726e-01
4.421017069613799588e-01
4.402310210207501795e-01
4.383406777794714992e-01
4.364307622482876958e-01
4.345013619903448365e-01
4.325525671223432456e-01
4.305844703154209085e-01
4.285971667957638731e-01
4.265907543449417028e-01
4.245653332999629326e-01
4.225210065530475845e-01
4.204578795511128564e-01
4.183760602949691543e-01
4.162756593382213599e-01
4.141567897858728364e-01
4.120195672926275643e-01
4.098641100608872989e-01
4.076905388384394202e-01
4.054989769158318103e-01
4.032895501234307623e-01
4.010623868281580906e-01
3.988176179299039448e-01
3.965553768576096649e-01
3.942757995650204572e-01
3.919790245260983963e-01
3.896651927300973650e-01
3.873344476762919375e-01
3.849869353683586515e-01
3.826228043084033414e-01
3.802422054906335891e-01
3.778452923946693520e-01
3.754322209784888287e-01
3.730031496710068950e-01
3.705582393642797845e-01
3.680976534053337912e-01
3.656215575876128887e-01
3.631301201420428781e-01
3.606235117277059032e-01
3.581019054221233899e-01
3.555654767111433023e-01
3.530144034784259977e-01
3.504488659945275697e-01
3.478690469055752410e-01
3.452751312215310842e-01
3.426673063040416300e-01
3.400457618538679783e-01
3.374106898978943003e-01
3.347622847757107944e-01
3.321007431257666509e-01
3.294262638710919733e-01
3.267390482045817723e-01
3.240392995738425874e-01
3.213272236655963510e-01
3.186030283896374438e-01
3.158669238623434961e-01
3.131191223897325515e-01
3.103598384500673157e-01
3.075892886760015488e-01
3.048076918362666032e-01
3.020152688168968869e-01
2.992122426019878656e-01
2.963988382539890498e-01
2.935752828935269121e-01
2.907418056787551830e-01
2.878986377842323030e-01
2.850460123793234768e-01
2.821841646061237774e-01
2.793133315569038544e-01
2.764337522510740275e-01
2.735456676116665986e-01
2.706493204413344400e-01
2.677449553978656360e-01
2.648328189692124579e-01
2.619131594480348380e-01
2.589862269057547906e-01
2.560522731661267204e-01
2.531115517783166791e-01
2.501643179894961211e-01
2.472108287169461627e-01
2.442513425196748966e-01
2.412861195695470418e-01
2.383154216219262045e-01
2.353395119858314732e-01
2.323586554936080684e-01
2.293731184701138792e-01
2.263831687014234983e-01
2.233890754030488368e-01
2.203911091876818995e-01
2.173895420324576944e-01
2.143846472457420216e-01
2.113766994334444482e-01
2.083659744648611034e-01
2.053527494380467944e-01
2.023373026447232159e-01
1.993199135347231699e-01
1.963008626799747913e-01
1.932804317380312775e-01
1.902589034151466740e-01
1.872365614289045466e-01
1.842136904704016476e-01
1.811905761659928227e-01
1.781675050385988501e-01
1.751447644685870386e-01
1.721226426542237509e-01
1.691014285717089005e-01
1.660814119347951423e-01
1.630628831539996937e-01
1.600461332954124793e-01
1.570314540391083979e-01
1.540191376371707888e-01
1.510094768713305946e-01
1.480027650102301306e-01
1.449992957663180648e-01
1.419993632523823823e-01
1.390032619377304934e-01
1.360112866040227853e-01
1.330237323007681383e-01
1.300408943004915385e-01
1.270630680535787815e-01
1.240905491428109797e-01
1.211236332375952435e-01
1.181626160479016668e-01
1.152077932779170949e-01
1.122594605794230427e-01
1.093179135049105466e-01
1.063834474604394842e-01
1.034563576582550742e-01
1.005369390691707721e-01
9.762548637472759361e-02
9.472229391914402385e-02
9.182765566106390609e-02
8.894186512511623177e-02
8.606521535329827999e-02
8.319799885619250102e-02
8.034050756403071647e-02
7.749303277761704356e-02
7.465586511912261636e-02
7.182929448276320628e-02
6.901360998537500735e-02
6.620909991689866159e-02
6.341605169078645687e-02
6.063475179434671403e-02
5.786548573903529946e-02
5.510853801071213809e-02
5.236419201987346783e-02
4.963273005187501807e-02
4.691443321715993431e-02
4.420958140150449411e-02
4.151845321629837882e-02
3.884132594887104717e-02
3.617847551287986518e-02
3.353017639877631240e-02
3.089670162436125578e-02
2.827832268544733241e-02
2.567530950664209666e-02
2.308793039226658683e-02
2.051645197742452131e-02
1.796113917923822245e-02
1.542225514826423005e-02
1.290006122010636802e-02
