1.039481686724003096e-02
7.906779651060819036e-03
5.436205174180225308e-03
2.983347032974120738e-03
5.484567704049647663e-04
-1.868216170866326964e-03
-4.266424495067144829e-03
-6.645923099580064441e-03
-9.006469120876409162e-03
-1.134782198010012011e-02
-1.366974342828755629e-02
-1.597199759120732088e-02
-1.825435101380556979e-02
-2.051657270424114832e-02
-2.275843417749623399e-02
-2.497970949854647071e-02
-2.718017532507724376e-02
-2.935961094973035812e-02
-3.151779834186596574e-02
-3.365452218882708513e-02
-3.576956993668992113e-02
-3.786273183048782798e-02
-3.993380095389340023e-02
-4.198257326834545222e-02
-4.400884765160573142e-02
-4.601242593573406925e-02
-4.799311294446648168e-02
-4.995071652998248068e-02
-5.188504760905093827e-02
-5.379592019853896012e-02
-5.568315145027227797e-02
-5.754656168523450410e-02
-5.938597442709253604e-02
-6.120121643503620423e-02
-6.299211773592067187e-02
-6.475851165569906920e-02
-6.650023485013475955e-02
-6.821712733478169088e-02
-6.990903251422195264e-02
-7.157579721054999067e-02
-7.321727169109376598e-02
-7.483330969536075572e-02
-7.642376846120235712e-02
-7.798850875018314976e-02
-7.952739487214982583e-02
-8.104029470898740928e-02
-8.252707973755760151e-02
-8.398762505180726312e-02
-8.542180938404228541e-02
-8.682951512535735938e-02
-8.821062834521545271e-02
-8.956503881016888990e-02
-9.089264000171654034e-02
-9.219332913329011947e-02
-9.346700716636441308e-02
-9.471357882568412490e-02
-9.593295261360523796e-02
-9.712504082354211921e-02
-9.828975955251939567e-02
-9.942702871282238508e-02
-1.005367720427433609e-01
-1.016189171164182947e-01
-1.026733953527547150e-01
-1.037001420234442972e-01
-1.046990962600598263e-01
-1.056702010602346142e-01
-1.066134032929219322e-01
-1.075286537027340672e-01
-1.084159069133604769e-01
-1.092751214300630713e-01
-1.101062596412512029e-01
-1.109092878191337284e-01
-1.116841761194515836e-01
-1.124308985802902616e-01
-1.131494331199741632e-01
-1.138397615340454028e-01
-1.145018694913277069e-01
-1.151357465290798465e-01
-1.157413860472406020e-01
-1.163187853017687567e-01
-1.168679453970813964e-01
-1.173888712775959520e-01
-1.178815717183790690e-01
-1.183460593149079088e-01
-1.187823504719485723e-01
-1.191904653915574763e-01
-1.195704280602114533e-01
-1.199222662350735713e-01
-1.202460114293986138e-01
-1.205416988970894887e-01
-1.208093676164070929e-01
-1.210490602728447884e-01
-1.212608232411733766e-01
-1.214447065666655612e-01
-1.216007639455078393e-01
-1.217290527044095350e-01
-1.218296337794175510e-01
-1.219025716939454440e-01
-1.219479345360281464e-01
-1.219657939348112452e-01
-1.219562250362849765e-01
-1.219193064782742031e-01
-1.218551203646946468e-01
-1.217637522390862537e-01
-1.216452910574355450e-01
-1.214998291602976954e-01
-1.213274622442309658e-01
-1.211282893325554277e-01
-1.209024127454464970e-01
-1.206499380693785706e-01
-1.203709741259289812e-01
-1.200656329399559241e-01
-1.197340297071639581e-01
-1.193762827610689858e-01
-1.189925135393777034e-01
-1.185828465497930084e-01
-1.181474093352612442e-01
-1.176863324386732135e-01
-1.171997493670345336e-01
-1.166877965551177398e-01
-1.161506133286122622e-01
-1.155883418667849605e-01
-1.150011271646664557e-01
-1.143891169947783004e-01
-1.137524618684139788e-01
-1.130913149964901943e-01
-1.124058322499827400e-01
-1.116961721199609681e-01
-1.109624956772366500e-01
-1.102049665316424121e-01
-1.094237507909537332e-01
-1.086190170194704097e-01
-1.077909361962719192e-01
-1.069396816731626176e-01
-1.060654291323216147e-01
-1.051683565436700163e-01
-1.042486441219762638e-01
-1.033064742837077055e-01
-1.023420316036489086e-01
-1.013555027712993162e-01
-1.003470765470648174e-01
-9.931694371825955381e-02
-9.826529705493214362e-02
-9.719233126553128432e-02
-9.609824295242447301e-02
-9.498323056728683045e-02
-9.384749436637257469e-02
-9.269123636568304958e-02
-9.151466029604973795e-02
-9.031797155814103029e-02
-8.910137717741090091e-02
-8.786508575900281448e-02
-8.660930744262101966e-02
-8.533425385738574453e-02
-8.404013807668431202e-02
-8.272717457303113697e-02
-8.139557917295237033e-02
-8.004556901190629237e-02
-7.867736248925349951e-02
-7.729117922328970769e-02
-7.588724000635391209e-02
-7.446576676002519823e-02
-7.302698249041833511e-02
-7.157111124359455401e-02
-7.009837806109481262e-02
-6.860900893561183711e-02
-6.710323076680882459e-02
-6.558127131729921122e-02
-6.404335916879796975e-02
-6.248972367845440079e-02
-6.092059493537865800e-02
-5.933620371737247101e-02
-5.773678144787464106e-02
-5.612256015313016322e-02
-5.449377241959629803e-02
-5.285065135159097705e-02
-5.119343052919755888e-02
-4.952234396643201420e-02
-4.783762606968394726e-02
-4.613951159643900346e-02
-4.442823561429176671e-02
-4.270403346025861135e-02
-4.096714070039658706e-02
-3.921779308973888378e-02
-3.745622653255303858e-02
-3.568267704292968356e-02
-3.389738070570963435e-02
-3.210057363775617456e-02
-3.029249194957925329e-02
-2.847337170731842337e-02
-2.664344889509051573e-02
-2.480295937770907178e-02
-2.295213886378028034e-02
-2.109122286918188593e-02
-1.922044668093067510e-02
-1.734004532144281518e-02
-1.545025351319276319e-02
-1.355130564377565738e-02
-1.164343573137704979e-02
-9.726877390654142808e-03
-7.801863799034275404e-03
-5.868627663431880137e-03
-3.927401187389462089e-03
-1.978416038645625097e-03
-2.190331713231019606e-05
1.941906476594479347e-03
3.912783472488745584e-03
5.890498461709803291e-03
7.874822926878688456e-03
9.865529071890533075e-03
1.186238985128323931e-02
1.386517899916095420e-02
1.587367105766901432e-02
1.788764140502083211e-02
1.990686628307555828e-02
2.193112282446413319e-02
2.396018907926511510e-02
2.599384404122856429e-02
2.803186767354814979e-02
3.007404093418078461e-02
3.212014580071542724e-02
3.416996529478893985e-02
3.622328350605188985e-02
3.827988561568379522e-02
4.033955791945723068e-02
4.240208785035518013e-02
4.446726400073952590e-02
4.653487614407286754e-02
4.860471525619691757e-02
5.067657353616591975e-02
5.275024442663933666e-02
5.482552263383488889e-02
5.690220414704336149e-02
5.898008625770856383e-02
6.105896757807377506e-02
6.313864805939700675e-02
6.521892900973877416e-02
6.729961311132420798e-02
6.938050443748147722e-02
7.146140846916224088e-02
7.354213211104310144e-02
7.562248370721563751e-02
7.770227305646415505e-02
7.978131142713773549e-02
8.185941157161774617e-02
8.393638774038619799e-02
8.601205569569700393e-02
8.808623272485449629e-02
9.015873765310394861e-02
9.222939085613582333e-02
9.429801427220982357e-02
9.636443141390171885e-02
9.842846737947724689e-02
1.004899488638970051e-01
1.025487041694570778e-01
1.046045632160695349e-01
1.066573575511868543e-01
1.087069203593745148e-01
1.107530864715371433e-01
1.127956923738015205e-01
1.148345762160623007e-01
1.168695778201928048e-01
1.189005386879286863e-01
1.209273020084259409e-01
1.229497126655004213e-01
1.249676172445508826e-01
1.269808640391740240e-01
1.289893030574719157e-01
1.309927860280598877e-01
1.329911664057779053e-01
1.349842993771116773e-01
1.369720418653254113e-01
1.389542525353154867e-01
1.409307917981843794e-01
1.429015218155444966e-01
1.448663065035547259e-01
1.468250115366922515e-01
1.487775043512692685e-01
1.507236541486947912e-01
1.526633318984885468e-01
1.545964103410513713e-01
1.565227639901968226e-01
1.584422691354475388e-01
1.603548038441034163e-01
1.622602479630835259e-01
1.641584831205478434e-01
1.660493927273033743e-01
1.679328619779986986e-01
1.698087778521118474e-01
1.716770291147350358e-01
1.735375063171625265e-01
1.753901017972834264e-01
1.772347096797862731e-01
1.790712258761777698e-01
1.808995480846214976e-01
1.827195757895990480e-01
1.845312102613986815e-01
1.863343545554368985e-01
1.881289135114134203e-01
1.899147937523075758e-01
1.916919036832167300e-01
1.934601534900432518e-01
1.952194551380312115e-01
1.969697223701591116e-01
1.987108707053902301e-01
2.004428174367853255e-01
2.021654816294815582e-01
2.038787841185387140e-01
2.055826475066606374e-01
2.072769961617892398e-01
2.089617562145808238e-01
2.106368555557621702e-01
2.123022238333732714e-01
2.139577924498981543e-01
2.156034945592875673e-01
2.172392650638748368e-01
2.188650406111905533e-01
2.204807595906757567e-01
2.220863621302981983e-01
2.236817900930739289e-01
2.252669870734967938e-01
2.268418983938772504e-01
2.284064711005943937e-01
2.299606539602627453e-01
2.315043974558159690e-01
2.330376537825092909e-01
2.345603768438440095e-01
2.360725222474147900e-01
2.375740473006814346e-01
2.390649110066682126e-01
2.405450740595919679e-01
2.420144988404197561e-01
2.434731494123589246e-01
2.449209915162801343e-01
2.463579925660755454e-01
2.477841216439521377e-01
2.491993494956641075e-01
2.506036485256816770e-01
2.519969927923005337e-01
2.533793580026925119e-01
2.547507215078963494e-01
2.561110622977514906e-01
2.574603609957757944e-01
2.587985998539855670e-01
2.601257627476613044e-01
2.614418351700579235e-01
2.627468042270603710e-01
2.640406586317859405e-01
2.653233886991312462e-01
2.665949863402671260e-01
2.678554450570793666e-01
2.691047599365563592e-01
2.703429276451230212e-01
2.715699464229225923e-01
2.727858160780430863e-01
2.739905379806921171e-01
2.751841150573161032e-01
2.763665517846662922e-01
2.775378541838101065e-01
2.786980298140865897e-01
2.798470877670070633e-01
2.809850386600993843e-01
2.821118946306948039e-01
2.832276693296582604e-01
2.843323779150587760e-01
2.854260370457826212e-01
2.865086648750844178e-01
2.875802810440786228e-01
2.886409066751680075e-01
2.896905643654096862e-01
2.907292781798161418e-01
2.917570736445919133e-01
2.927739777403018939e-01
2.937800188949737934e-01
2.947752269771297118e-01
2.957596332887476032e-01
2.967332705581509633e-01
2.976961729328249651e-01
2.986483759721568765e-01
2.995899166401006508e-01
3.005208332977638008e-01
3.014411656959132824e-01
3.023509549674004426e-01
3.032502436195035900e-01
3.041390755261853540e-01
3.050174959202623937e-01
3.058855513854888408e-01
3.067432898485470405e-01
3.075907605709492509e-01
3.084280141408424214e-01
3.092551024647192670e-01
3.100720787590312555e-01
3.108789975417013962e-01
3.116759146235359990e-01
3.124628870995331265e-01
3.132399733400846875e-01
3.140072329820724484e-01
3.147647269198529107e-01
3.155125172961326663e-01
3.162506674927282324e-01
3.169792421212124789e-01
3.176983070134417053e-01
3.184079292119642579e-01
3.191081769603082985e-01
3.197991196931436741e-01
3.204808280263207743e-01
3.211533737467807681e-01
3.218168298023361129e-01
3.224712702913201112e-01
3.231167704521021866e-01
3.237534066524689336e-01
3.243812563788669445e-01
3.250003982255067481e-01
3.256109118833249161e-01
3.262128781288045065e-01
3.268063788126492342e-01
3.273914968483119803e-01
3.279683162003740327e-01
3.285369218727749452e-01
3.290973998968897418e-01
3.296498373194528542e-01
3.301943221903264059e-01
3.307309435501124550e-01
3.312597914176057534e-01
3.317809567770870216e-01
3.322945315654546317e-01
3.328006086591935864e-01
3.332992818611800745e-01
3.337906458873201032e-01
3.342747963530214306e-01
3.347518297594974657e-01
3.352218434799018598e-01
3.356849357452920679e-01
3.361412056304220464e-01
3.365907530393628111e-01
3.370336786909470250e-01
3.374700841040439436e-01
3.379000715826541157e-01
3.383237442008321105e-01
3.387412057874303883e-01
3.391525609106671446e-01
3.395579148625166299e-01
3.399573736429204462e-01
3.403510439438218738e-01
3.407390331330192867e-01
3.411214492378434882e-01
3.414984009286532451e-01
3.418699975021533555e-01
3.422363488645333574e-01
3.425975655144267717e-01
3.429537585256918208e-01
3.433050395300141777e-01
3.436515206993306371e-01
3.439933147280762604e-01
3.443305348152537748e-01
3.446632946463267233e-01
3.449917083749370894e-01
3.453158906044480059e-01
3.456359563693126580e-01
3.459520211162703807e-01
3.462642006853712262e-01
3.465726112908293355e-01
3.468773695017086656e-01
3.471785922224387422e-01
3.474763966731668763e-01
3.477709003699436252e-01
3.480622211047467163e-01
3.483504769253431554e-01
3.486357861149933512e-01
3.489182671719966988e-01
3.491980387890837312e-01
3.494752198326546155e-01
3.497499293218680472e-01
3.500222864075814289e-01
3.502924103511467768e-01
3.505604205030631859e-01
3.508264362814897397e-01
3.510905771506208639e-01
3.513529625989287863e-01
3.516137121172736579e-01
3.518729451768864980e-01
3.521307812072274057e-01
3.523873395737229242e-01
3.526427395553848321e-01
3.528971003223161373e-01
3.531505409131051598e-01
3.534031802121135879e-01
3.536551369266620615e-01
3.539065295641165565e-01
3.541574764088792904e-01
3.544080954992904764e-01
3.546585046044429257e-01
3.549088212009138266e-01
3.551591624494211397e-01
3.554096451714043869e-01
3.556603858255396600e-01
3.559115004841885144e-01
3.561631048097900210e-01
3.564153140311981383e-01
3.566682429199691251e-01
3.569220057666069867e-01
3.571767163567688419e-01
3.574324879474367611e-01
3.576894332430621271e-01
3.579476643716864581e-01
3.582072928610454676e-01
3.584684296146605220e-01
3.587311848879242704e-01
3.589956682641859409e-01
3.592619886308411892e-01
3.595302541554334930e-01
3.598005722617712010e-01
3.600730496060695063e-01
3.603477920531181766e-01
3.606249046524865332e-01
3.609044916147677862e-01
3.611866562878712772e-01
3.614715011333666794e-01
3.617591277028884833e-01
3.620496366146056522e-01
3.623431275297639420e-01
3.626396991293047156e-01
3.629394490905708537e-01
3.632424740641015393e-01
3.635488696505257966e-01
3.638587303775593362e-01
3.641721496771127553e-01
3.644892198625150348e-01
3.648100321058626028e-01
3.651346764154964619e-01
3.654632416136169293e-01
3.657958153140416502e-01
3.661324839001124376e-01
3.664733325027590416e-01
3.668184449787253998e-01
3.671679038889648083e-01
3.675217904772125621e-01
3.678801846487385063e-01
3.682431649492909909e-01
3.686108085442343363e-01
3.689831911978900258e-01
3.693603872530839549e-01
3.697424696109112841e-01
3.701295097107196730e-01
3.705215775103223863e-01
3.709187414664441018e-01
3.713210685154068602e-01
3.717286240540630948e-01
3.721414719209809041e-01
3.725596743778877284e-01
3.729832920913802585e-01
3.734123841149029621e-01
3.738470078710060540e-01
3.742872191338848520e-01
3.747330720122072911e-01
3.751846189322380898e-01
3.756419106212602332e-01
3.761049960913047663e-01
3.765739226231901160e-01
3.770487357508801596e-01
3.775294792461622029e-01
3.780161951036548618e-01
3.785089235261476226e-01
3.790077029102772999e-01
3.795125698325504948e-01
3.800235590357106119e-01
3.805407034154599244e-01
3.810640340075380772e-01
3.815935799751629665e-01
3.821293685968388809e-01
3.826714252545347361e-01
3.832197734222385632e-01
3.837744346548909169e-01
3.843354285777029200e-01
3.849027728758608879e-01
3.854764832846230838e-01
3.860565735798117126e-01
3.866430555687032644e-01
3.872359390813214786e-01
3.878352319621360955e-01
3.884409400621696706e-01
3.890530672315170579e-01
3.896716153122796178e-01
3.902965841319163132e-01
3.909279714970163022e-01
3.915657731874931380e-01
3.922099829512054603e-01
3.928605924990037357e-01
3.935175915002083746e-01
3.941809675785171718e-01
3.948507063083489532e-01
3.955267912116193774e-01
3.962092037549556633e-01
3.968979233473476920e-01
3.975929273382398099e-01
3.982941910160617827e-01
3.990016876072017271e-01
3.997153882754205800e-01
4.004352621217104335e-01
4.011612761845945729e-01
4.018933954408723253e-01
4.026315828068077196e-01
4.033757991397609044e-01
4.041260032402647084e-01
4.048821518545440146e-01
4.056441996774785008e-01
4.064120993560081385e-01
4.071858014929802816e-01
4.079652546514381806e-01
4.087504053593497000e-01
4.095411981147751845e-01
4.103375753914725310e-01
4.111394776449391886e-01
4.119468433188890888e-01
4.127596088521622852e-01
4.135777086860657481e-01
4.144010752721444812e-01
4.152296390803790205e-01
4.160633286078075921e-01
4.169020703875727096e-01
4.177457889983851591e-01
4.185944070744080370e-01
4.194478453155537911e-01
4.203060224981940984e-01
4.211688554862771383e-01
4.220362592428525406e-01
4.229081468419968459e-01
4.237844294811383694e-01
4.246650164937781913e-01
4.255498153626021685e-01
4.264387317329811355e-01
4.273316694268555205e-01
4.282285304569999895e-01
4.291292150416644025e-01
4.300336216195865813e-01
4.309416468653722854e-01
4.318531857052395062e-01
4.327681313331210866e-01
4.336863752271204464e-01
4.346078071663189712e-01
4.355323152479266269e-01
4.364597859047726902e-01
4.373901039231319898e-01
4.383231524608806051e-01
4.392588130659769163e-01
4.401969656952622323e-01
4.411374887335751671e-01
4.420802590131762133e-01
4.430251518334757388e-01
4.439720409810595236e-01
4.449207987500085060e-01
4.458712959625042993e-01
4.468234019897175391e-01
4.477769847729710651e-01
4.487319108451742755e-01
4.496880453525213817e-01
4.506452520764478442e-01
4.516033934558405516e-01
4.525623306094939680e-01
4.535219233588079768e-01
4.544820302507192045e-01
4.554425085808631035e-01
4.564032144169579142e-01
4.573640026224054522e-01
4.583247268801028951e-01
4.592852397164593481e-01
4.602453925256110301e-01
4.612050355938287494e-01
4.621640181241120082e-01
4.631221882609632967e-01
4.640793931153361918e-01
4.650354787897525433e-01
4.659902904035795324e-01
4.669436721184651584e-01
4.678954671639209972e-01
4.688455178630497877e-01
4.697936656584104642e-01
4.707397511380138067e-01
4.716836140614447670e-01
4.726250933861025905e-01
4.735640272935554007e-01
4.745002532160020881e-01
4.754336078628346729e-01
4.763639272472971475e-01
4.772910467132333023e-01
4.782148009619190954e-01
4.791350240789717940e-01
4.800515495613323358e-01
4.809642103443133587e-01
4.818728388287090714e-01
4.827772669079591350e-01
4.836773259953622839e-01
4.845728470513349651e-01
4.854636606107072261e-01
4.863495968100526867e-01
4.872304854150455999e-01
4.881061558478407281e-01
4.889764372144702609e-01
4.898411583322531127e-01
4.907001477572101589e-01
4.915532338114820821e-01
4.924002446107444975e-01
4.932410080916131978e-01
4.940753520390381848e-01
4.949031041136788267e-01
4.957240918792578110e-01
4.965381428298858424e-01
4.973450844173571417e-01
4.981447440784068093e-01
4.989369492619280533e-01
4.997215274561455089e-01
5.004983062157376539e-01
5.012671131889071541e-01
5.020277761443927567e-01
5.027801229984201203e-01
5.035239818415868651e-01
5.042591809656788993e-01
5.049855488904115841e-01
5.057029143900972912e-01
5.064111065202288042e-01
5.071099546439813421e-01
5.077992884586258748e-01
5.084789380218517341e-01
5.091487337779945221e-01
5.098085065841680974e-01
5.104580877362935309e-01
5.110973089950272552e-01
5.117260026115801885e-01
5.123440013534290571e-01
5.129511385299141413e-01
5.135472480177236676e-01
5.141321642862586305e-01
5.147057224228788197e-01
5.152677581580258348e-01
5.158181078902206451e-01
5.163566087109341396e-01
5.168830984293275588e-01
5.173974155968622535e-01
5.178993995317743293e-01
5.183888903434135109e-01
5.188657289564457820e-01
5.193297571349134722e-01
5.197808175061570113e-01
5.202187535845911315e-01
5.206434097953377416e-01
5.210546314977119176e-01
5.214522650085593458e-01
5.218361576254466616e-01
5.222061576496975777e-01
5.225621144092815751e-01
5.229038782815452757e-01
5.232313007157924911e-01
5.235442342557070639e-01
5.238425325616204997e-01
5.241260504326219483e-01
5.243946438285086442e-01
5.246481698915792524e-01
5.248864869682661194e-01
5.251094546306067645e-01
5.253169336975541670e-01
5.255087862561256262e-01
5.256848756823884194e-01
5.258450666622820346e-01
5.259892252122783107e-01
5.261172186998754885e-01
5.262289158639295028e-01
5.263241868348200736e-01
5.264029031544508186e-01
5.264649377960853860e-01
5.265101651840171648e-01
5.265384612130731279e-01
5.265497032679523626e-01
5.265437702423978461e-01
5.265205425582025756e-01
5.264799021840492754e-01
5.264217326541832387e-01
5.263459190869201887e-01
5.262523482029861643e-01
5.261409083436929812e-01
5.260114894889459380e-01
5.258639832750858778e-01
5.256982830125653816e-01
5.255142837034592063e-01
5.253118820588080773e-01
5.250909765157977249e-01
5.248514672547712756e-01
5.245932562160771084e-01
5.243162471167512884e-01
5.240203454670340211e-01
5.237054585867222389e-01
5.233714956213566527e-01
5.230183675582443792e-01
5.226459872423170339e-01
5.222542693918243994e-01
5.218431306138631154e-01
5.214124894197437188e-01
5.209622662401900417e-01
5.204923834403780702e-01
5.200027653348088252e-01
5.194933382020188173e-01
5.189640302991262999e-01
5.184147718762138757e-01
5.178454951905482329e-01
5.172561345206352357e-01
5.166466261801129223e-01
5.160169085314791904e-01
5.153669219996575013e-01
5.146966090853976050e-01
5.140059143785129514e-01
5.132947845709540102e-01
5.125631684697173895e-01
5.118110170095903078e-01
5.110382832657308638e-01
5.102449224660827731e-01
5.094308920036246802e-01
5.085961514484551582e-01
5.077406625597096212e-01
5.068643892973119236e-01
5.059672978335598703e-01
5.050493565645397531e-01
5.041105361213776836e-01
5.031508093813175098e-01
5.021701514786319764e-01
5.011685398153635784e-01
5.001459540718928842e-01
4.991023762173372735e-01
4.980377905197752031e-01
4.969521835562978884e-01
4.958455442228862364e-01
4.947178637441121407e-01
4.935691356826633625e-01
4.923993559486900540e-01
4.912085228089727584e-01
4.899966368959103313e-01
4.887637012163252859e-01
4.875097211600876168e-01
4.862347045085528841e-01
4.849386614428151665e-01
4.836216045517722772e-01
4.822835488400027959e-01
4.809245117354505883e-01
4.795445130969184233e-01
4.781435752213666901e-01
4.767217228510163829e-01
4.752789831802538001e-01
4.738153858623347370e-01
4.723309630158875616e-01
4.708257492312117876e-01
4.692997815763695346e-01
4.677530996030700439e-01
4.661857453523416406e-01
4.645977633599917000e-01
4.629892006618504530e-01
4.613601067987965765e-01
4.597105338215627390e-01
4.580405362953176018e-01
4.563501713040215568e-01
4.546394984545544249e-01
4.529085798806121166e-01
4.511574802463675926e-01
4.493862667498969565e-01
4.475950091263632968e-01
4.457837796509589445e-01
4.439526531416018162e-01
4.421017069613808470e-01
4.402310210207512342e-01
4.383406777794724984e-01
4.364307622482886395e-01
4.345013619903458357e-01
4.325525671223442448e-01
4.305844703154218522e-01
4.285971667957648168e-01
4.265907543449426464e-01
4.245653332999639318e-01
4.225210065530484171e-01
4.204578795511136891e-01
4.183760602949700425e-01
4.162756593382223036e-01
4.141567897858736691e-01
4.120195672926284525e-01
4.098641100608882426e-01
4.076905388384403639e-01
4.054989769158327539e-01
4.032895501234317059e-01
4.010623868281589788e-01
3.988176179299048330e-01
3.965553768576106086e-01
3.942757995650214009e-01
3.919790245260992845e-01
3.896651927300981977e-01
3.873344476762928812e-01
3.849869353683594286e-01
3.826228043084042296e-01
3.802422054906344773e-01
3.778452923946701847e-01
3.754322209784897169e-01
3.730031496710077832e-01
3.705582393642806727e-01
3.680976534053346794e-01
3.656215575876138324e-01
3.631301201420437108e-01
3.606235117277067914e-01
3.581019054221243336e-01
3.555654767111441905e-01
3.530144034784268858e-01
3.504488659945284579e-01
3.478690469055761292e-01
3.452751312215319723e-01
3.426673063040425182e-01
3.400457618538688109e-01
3.374106898978951885e-01
3.347622847757116826e-01
3.321007431257675946e-01
3.294262638710928615e-01
3.267390482045825495e-01
3.240392995738434201e-01
3.213272236655971836e-01
3.186030283896383319e-01
3.158669238623443842e-01
3.131191223897333287e-01
3.103598384500681484e-01
3.075892886760023259e-01
3.048076918362674914e-01
3.020152688168977750e-01
2.992122426019887538e-01
2.963988382539899380e-01
2.935752828935277448e-01
2.907418056787560157e-01
2.878986377842332467e-01
2.850460123793242539e-01
2.821841646061244990e-01
2.793133315569046871e-01
2.764337522510750267e-01
2.735456676116674313e-01
2.706493204413351616e-01
2.677449553978663577e-01
2.648328189692133461e-01
2.619131594480356151e-01
2.589862269057556787e-01
2.560522731661275531e-01
2.531115517783174562e-01
2.501643179894969538e-01
2.472108287169469953e-01
2.442513425196757848e-01
2.412861195695478744e-01
2.383154216219270649e-01
2.353395119858322782e-01
2.323586554936087900e-01
2.293731184701147119e-01
2.263831687014243865e-01
2.233890754030496417e-01
2.203911091876827044e-01
2.173895420324585270e-01
2.143846472457427987e-01
2.113766994334452531e-01
2.083659744648619361e-01
2.053527494380475438e-01
2.023373026447240763e-01
1.993199135347239748e-01
1.963008626799755407e-01
1.932804317380319992e-01
1.902589034151473957e-01
1.872365614289052682e-01
1.842136904704025357e-01
1.811905761659935998e-01
1.781675050385996828e-01
1.751447644685878158e-01
1.721226426542245280e-01
1.691014285717096222e-01
1.660814119347959750e-01
1.630628831540005264e-01
1.600461332954132287e-01
1.570314540391091473e-01
1.540191376371715104e-01
1.510094768713313718e-01
1.480027650102309911e-01
1.449992957663188697e-01
1.419993632523831595e-01
1.390032619377312706e-01
1.360112866040234236e-01
1.330237323007688877e-01
1.300408943004922602e-01
1.270630680535795032e-01
1.240905491428116736e-01
1.211236332375959374e-01
1.181626160479023330e-01
1.152077932779178304e-01
1.122594605794237643e-01
1.093179135049113099e-01
1.063834474604401920e-01
1.034563576582558098e-01
1.005369390691714659e-01
9.762548637472831525e-02
9.472229391914474550e-02
9.182765566106462773e-02
8.894186512511700893e-02
8.606521535329900163e-02
8.319799885619325042e-02
8.034050756403135485e-02
7.749303277761779296e-02
7.465586511912319923e-02
7.182929448276395568e-02
6.901360998537570124e-02
6.620909991689927221e-02
6.341605169078715076e-02
6.063475179434743567e-02
5.786548573903596560e-02
5.510853801071280422e-02
5.236419201987407845e-02
4.963273005187568421e-02
4.691443321716054493e-02
4.420958140150510474e-02
4.151845321629893393e-02
3.884132594887160228e-02
3.617847551288047581e-02
3.353017639877689526e-02
3.089670162436172762e-02
2.827832268544785976e-02
2.567530950664262401e-02
2.308793039226719745e-02
2.051645197742513194e-02
1.796113917923874981e-02
1.542225514826478516e-02
1.290006122010686762e-02
