9.456603387442141795e-06
8.510729412861475773e-05
2.363972805056145654e-04
4.633037658288430283e-04
7.657925388852571125e-04
1.143817954575569729e-03
1.597322908187794044e-03
2.126238803388212639e-03
2.730485514041432193e-03
3.409971340013556729e-03
4.164592957148494090e-03
4.994235361665953776e-03
5.898771809289139745e-03
6.878063749476352740e-03
7.931960755221685588e-03
9.060300448973084703e-03
1.026290842532997030e-02
1.153959817128650395e-02
1.289017098491903462e-02
1.431441589355194818e-02
1.581210957257381602e-02
1.738301626623271062e-02
1.902688771189211397e-02
2.074346306938318688e-02
2.253246885725584611e-02
2.439361889786594018e-02
2.632661427339823279e-02
2.833114329503804568e-02
3.040688148762383386e-02
3.255349159219098065e-02
3.477062358887519911e-02
3.705791474265830027e-02
3.941498967441280782e-02
4.184146045962249677e-02
4.433692675701900870e-02
4.690097596918071932e-02
4.953318343687854175e-02
5.223311266861326019e-02
5.500031560638023176e-02
5.783433292822687949e-02
6.073469438759187405e-02
6.370091918882053728e-02
6.673251639752625364e-02
6.982898538376644537e-02
7.298981629517412029e-02
7.621449055640881765e-02
7.950248139043493423e-02
8.285325435633693336e-02
8.626626789758763680e-02
8.974097389394361524e-02
9.327681820951852498e-02
9.687324122901039281e-02
1.005296783736744637e-01
1.042455605883738229e-01
1.080203147909754441e-01
1.118533642754991897e-01
1.157441290607745810e-01
1.196920261769524596e-01
1.236964698830272380e-01
1.277568718095690170e-01
1.318726410221235379e-01
1.360431840022017225e-01
1.402679045443875339e-01
1.445462035698695524e-01
1.488774788585357778e-01
1.532611247036495816e-01
1.576965314950105335e-01
1.621830852382868393e-01
1.667201670198681374e-01
1.713071524280784796e-01
1.759434109428106296e-01
1.806283053065947386e-01
1.853611908907349393e-01
1.901414150704093531e-01
1.949683166225205933e-01
1.998412251596024813e-01
2.047594606122329075e-01
2.097223327712154917e-01
2.147291408992836881e-01
2.197791734203457248e-01
2.248717076922928937e-01
2.300060098673383790e-01
2.351813348416609828e-01
2.403969262939951723e-01
2.456520168107010904e-01
2.509458280929316443e-01
2.562775712397571404e-01
2.616464470996090474e-01
2.670516466812161704e-01
2.724923516142939706e-01
2.779677346497034796e-01
2.834769601885385182e-01
2.890191848297012367e-01
2.945935579258730508e-01
3.001992221384475190e-01
3.058353139828200451e-01
3.115009643564665698e-01
3.171952990433965502e-01
3.229174391897884910e-01
3.286665017468695660e-01
3.344415998783529242e-01
3.402418433309145063e-01
3.460663387672991420e-01
3.519141900626133745e-01
3.577844985652081089e-01
3.636763633242598437e-01
3.695888812866823803e-01
3.755211474664134630e-01
3.814722550893532849e-01
3.874412957173573591e-01
3.934273593546696035e-01
3.994295345400947772e-01
4.054469084279969104e-01
4.114785668609702851e-01
4.175235944367207130e-01
4.235810745713566861e-01
4.296500895609283721e-01
4.357297206427051539e-01
4.418190480573087053e-01
4.479171511124699911e-01
4.540231082488550562e-01
4.601359971080699052e-01
4.662548946026658370e-01
4.723788769876636762e-01
4.785070199328587126e-01
4.846383985948699014e-01
4.907720876876580096e-01
4.969071615499315309e-01
5.030426942076010599e-01
5.091777594291088116e-01
5.153114307711444964e-01
5.214427816118898384e-01
5.275708851685243506e-01
5.336948144952801121e-01
5.398136424578529047e-01
5.459264416794017416e-01
5.520322844528035011e-01
5.581302426131602434e-01
5.642193873638807755e-01
5.702987890488848688e-01
5.763675168627429013e-01
5.824246384897266982e-01
5.884692196619329962e-01
5.945003236258372681e-01
6.005170105058046381e-01
6.065183365523356684e-01
6.125033532621020349e-01
6.184711063562043920e-01
6.244206346025523713e-01
6.303509684678704206e-01
6.362611285845941600e-01
6.421501240178284498e-01
6.480169503176749224e-01
6.538605873425397119e-01
6.596799968395626879e-01
6.654741197690542398e-01
6.712418733607602439e-01
6.769821478909111567e-01
6.826938031703059240e-01
6.883756647350903757e-01
6.940265197334006819e-01
6.996451125025564544e-01
7.052301398329787752e-01
7.107802459163677922e-01
7.162940169768671206e-01
7.217699755848254739e-01
7.272065746533096231e-01
7.326021911175841783e-01
7.379551192973103912e-01
7.432635639401038441e-01
7.485256329432558031e-01
7.537393297477995580e-01
7.589025453955945411e-01
7.640130502356781150e-01
7.690684852606464172e-01
7.740663530473678167e-01
7.790040082686661149e-01
7.838786477338312020e-01
7.886872999057840117e-01
7.934268138313695928e-01
7.980938474085659262e-01
8.026848549001858180e-01
8.071960735878630500e-01
8.116235094425656715e-01
8.159629216683754738e-01
8.202098059545972486e-01
8.243593762470475816e-01
8.284065448223454364e-01
8.323459004186331001e-01
8.361716841419030155e-01
8.398777628283110586e-01
8.434575994986736047e-01
8.469042204908591165e-01
8.502101787977582870e-01
8.533675130715672186e-01
8.563677016775489426e-01
8.592016110901422588e-01
8.618594378188494387e-01
8.643306429276368386e-01
8.666038780660559881e-01
8.686669017584115471e-01
8.705064844937139279e-01
8.721083009173912215e-01
8.734568071380931498e-01
8.745351008206420085e-01
8.753247613293890783e-01
8.758056667051468125e-01
8.759557836950954135e-01
8.757509264050887809e-01
8.751644784149275047e-01
8.741670724171290985e-01
8.727262206727698368e-01
8.708058889485200682e-01
8.683660063262017559e-01
8.653619037199782316e-01
8.617436756543291887e-01
8.574554636658583417e-01
8.524346667237826525e-01
8.466110957772347012e-01
8.399061076587159835e-01
8.322317798920482179e-01
8.234902239037811267e-01
8.135731800883156950e-01
8.023620923983724174e-01
7.897289174882974327e-01
7.755379740369634511e-01
7.596491661553161912e-01
7.419228997857586494e-01
7.222269288447661362e-01
7.004451972724513586e-01
6.764884742829472275e-01
6.503062253534004356e-01
6.218987648991927131e-01
5.913283764454961844e-01
5.587278649549454190e-01
5.243050253408708672e-01
4.883418352319930933e-01
4.511878004633002592e-01
4.132477013806989397e-01
3.749648364616913754e-01
3.368015411147496363e-01
2.992191156473622549e-01
2.626592585155465009e-01
2.275287075815597970e-01
1.941881671634260731e-01
1.629459031242281586e-01
1.340557680311969257e-01
1.077189686817024150e-01
8.408864254571468688e-02
6.327624990361216395e-02
4.535886611203692603e-02
3.038661585286409755e-02
1.838967716331717933e-02
9.384460442590239482e-03
3.378714980027244796e-03
3.754244803000628128e-04
