3.300124034653231231e-01
3.295511305835621130e-01
3.290567205671883211e-01
3.285297414335762722e-01
3.279707647589104047e-01
3.273803657193539163e-01
3.267591231297114485e-01
3.261076194795242689e-01
3.254264409665492130e-01
3.247161775275617113e-01
3.239774228664349387e-01
3.232107744794430193e-01
3.224168336777356592e-01
3.215962056069383568e-01
3.207494992638297293e-01
3.198773275100486591e-01
3.189803070827867959e-01
3.180590586024239497e-01
3.171142065770611862e-01
3.161463794039143238e-01
3.151562093675259191e-01
3.141443326347572729e-01
3.131113892465279824e-01
3.120580231062629051e-01
3.109848819650166130e-01
3.098926174032431979e-01
3.087818848091804513e-01
3.076533433538217177e-01
3.065076559624463903e-01
3.053454892826866218e-01
3.041675136491068243e-01
3.029744030442733660e-01
3.017668350562967561e-01
3.005454908328274444e-01
2.993110550314931895e-01
2.980642157667591774e-01
2.968056645532037852e-01
2.955360962451998308e-01
2.942562089729928165e-01
2.929667040751711138e-01
2.916682860275272571e-01
2.903616623683056841e-01
2.890475436198425285e-01
2.877266432065977431e-01
2.863996773695870468e-01
2.850673650772213019e-01
2.837304279325644774e-01
2.823895900770218015e-01
2.810455780904748124e-01
2.796991208878786273e-01
2.783509496123448002e-01
2.770017975247284769e-01
2.756523998897469907e-01
2.743034938586567106e-01
2.729558183485176759e-01
2.716101139180783219e-01
2.702671226403158267e-01
2.689275879716663820e-01
2.675922546179902439e-01
2.662618683973099754e-01
2.649371760993666225e-01
2.636189253420435086e-01
2.623078644247067159e-01
2.610047421785123278e-01
2.597103078137388832e-01
2.584253107642000558e-01
2.571505005287983980e-01
2.558866265102816562e-01
2.546344378512677142e-01
2.533946832676046701e-01
2.521681108791359316e-01
2.509554680379416647e-01
2.497575011541338097e-01
2.485749555192770521e-01
2.474085751275194034e-01
2.462591024945119389e-01
2.451272784741996280e-01
2.440138420735733227e-01
2.429195302654672539e-01
2.418450777994948508e-01
2.407912170112129213e-01
2.397586776296120326e-01
2.387481865830248240e-01
2.377604678035567520e-01
2.367962420301308879e-01
2.358562266102596783e-01
2.349411353006375380e-01
2.340516780666659913e-01
2.331885608810157218e-01
2.323524855213357498e-01
2.315441493672190654e-01
2.307642451965370156e-01
2.300134609812542752e-01
2.292924796828396394e-01
2.286019790473904356e-01
2.279426314005802978e-01
2.273151034425567873e-01
2.267200560428991873e-01
2.261581440357620654e-01
2.256300160153235090e-01
2.251363141316520267e-01
2.246776738871274492e-01
2.242547239335214715e-01
2.238680858698746667e-01
2.235183740412816644e-01
2.232061953387137199e-01
2.229321489999994688e-01
2.226968264120861019e-01
2.225008109147043056e-01
2.223446776055604257e-01
2.222289931471762570e-01
2.221543155754994725e-01
2.221211941104068166e-01
2.221301689682164682e-01
2.221817711763360292e-01
2.222765223901621012e-01
2.224149347123435261e-01
2.225975105145387989e-01
2.228247422617688489e-01
2.230971123394944744e-01
2.234150928835152428e-01
2.237791456128171985e-01
2.241897216654703540e-01
2.246472614376886501e-01
2.251521944261534180e-01
2.257049390737162486e-01
2.263059026185724187e-01
2.269554809470106793e-01
2.276540584498438768e-01
2.284020078826044520e-01
2.291996902296100647e-01
2.300474545719874975e-01
2.309456379597384368e-01
2.318945652879457198e-01
2.328945491771905463e-01
2.339458898582724711e-01
2.350488750613042299e-01
2.362037799092582269e-01
2.374108668160387348e-01
2.386703853891489757e-01
2.399825723370128117e-01
2.413476513810264290e-01
2.427658331723873131e-01
2.442373152137651271e-01
2.457622817858615694e-01
2.473409038789156078e-01
2.489733391291941711e-01
2.506597317605139263e-01
2.524002125308305589e-01
2.541948986839381863e-01
2.560438939062987806e-01
2.579472882890435637e-01
2.599051582951580341e-01
2.619175667318823786e-01
2.639845627283369245e-01
2.661061817183913991e-01
2.682824454287795479e-01
2.705133618724789857e-01
2.727989253473439568e-01
2.751391164399966671e-01
2.775339020349743002e-01
2.799832353291168419e-01
2.824870558511846097e-01
2.850452894866943865e-01
2.876578485079467340e-01
2.903246316092253920e-01
2.930455239471385642e-01
2.958203971860768888e-01
2.986491095487445735e-01
3.015315058717353836e-01
3.044674176661039677e-01
3.074566631828949959e-01
3.104990474835735981e-01
3.135943625153168046e-01
3.167423871910977073e-01
3.199428874745153806e-01
3.231956164693067235e-01
3.265003145134730556e-01
3.298567092779529641e-01
3.332645158697832288e-01
3.367234369396573390e-01
3.402331627938193215e-01
3.437933715102110543e-01
3.474037290587856930e-01
3.510638894259175968e-01
3.547734947428033969e-01
3.585321754177864806e-01
3.623395502724975348e-01
3.661952266817304347e-01
3.700988007169473404e-01
3.740498572933307342e-01
3.780479703202646036e-01
3.820927028551636129e-01
3.861836072605343562e-01
3.903202253641725461e-01
3.945020886223846723e-01
3.987287182861308787e-01
4.029996255699853647e-01
4.073143118237946281e-01
4.116722687069309661e-01
4.160729783650296554e-01
4.205159136090935723e-01
4.250005380968548963e-01
4.295263065162820970e-01
4.340926647711125241e-01
4.386990501683001309e-01
4.433448916072648682e-01
4.480296097708200698e-01
4.527526173176721347e-01
4.575133190763722713e-01
4.623111122406018403e-01
4.671453865656821636e-01
4.720155245661861176e-01
4.769209017145447094e-01
4.818608866405258429e-01
4.868348413314780299e-01
4.918421213332185848e-01
4.968820759514607222e-01
5.019540484536605396e-01
5.070573762711773069e-01
5.121913912016351489e-01
5.173554196113729908e-01
5.225487826378851786e-01
5.277707963921256518e-01
5.330207721605959570e-01
5.382980166070863159e-01
5.436018319739860383e-01
5.489315162830490369e-01
5.542863635355195218e-01
5.596656639115188403e-01
5.650687039685915458e-01
5.704947668393213212e-01
5.759431324279179476e-01
5.814130776056850580e-01
5.869038764052769697e-01
5.924148002136582214e-01
5.979451179636764424e-01
6.034940963241653966e-01
6.090609998884947140e-01
6.146450913614857070e-01
6.202456317446168876e-01
6.258618805194350321e-01
6.314930958291086194e-01
6.371385346580425990e-01
6.427974530094836547e-01
6.484691060810566787e-01
6.541527484381569613e-01
6.598476341851398086e-01
6.655530171342440848e-01
6.712681509721916129e-01
6.769922894244047029e-01
6.827246864167868523e-01
6.884645962350163240e-01
6.942112736812963147e-01
6.999639742285239663e-01
7.057219541718222633e-01
7.114844707773962940e-01
7.172507824286743494e-01
7.230201487696873430e-01
7.287918308456624583e-01
7.345650912407797328e-01
7.403391942130759240e-01
7.461134058264524693e-01
7.518869940797676676e-01
7.576592290329824397e-01
7.634293829303370194e-01
7.691967303205389239e-01
7.749605481739390012e-01
7.807201159966787873e-01
7.864747159417981859e-01
7.922236329172800406e-01
7.979661546910302716e-01
8.037015719927772528e-01
8.094291786128811061e-01
8.151482714980577970e-01
8.208581508439976027e-01
8.265581201848866133e-01
8.322474864798288241e-01
8.379255601961678179e-01
8.435916553897091497e-01
8.492450897818534239e-01
8.548851848336360693e-01
8.605112658166953477e-01
8.661226618811646016e-01
8.717187061205013965e-01
8.772987356332728748e-01
8.828620915819056503e-01
8.884081192484085676e-01
8.939361680870969717e-01
8.994455917743240381e-01
9.049357482552443654e-01
9.104059997876280397e-01
9.158557129827418208e-01
9.212842588433260982e-01
9.266910127986831558e-01
9.320753547369068359e-01
9.374366690342739172e-01
9.427743445818261847e-01
9.480877748091658397e-01
9.533763577054975569e-01
9.586394958379386155e-01
9.638765963671334092e-01
9.690870710601927618e-01
9.742703363010011275e-01
9.794258130979114352e-01
9.845529270888649931e-01
9.896511085439646527e-01
9.947197923655449747e-01
9.997584180857562730e-01
1.004766429861707611e+00
1.009743276468205941e+00
1.014688411288112269e+00
1.019601292300364559e+00
1.024481382065694612e+00
1.029328147710075081e+00
1.034141060905939158e+00
1.038919597851198917e+00
1.043663239246106489e+00
1.048371470267994265e+00
1.053043780543928332e+00
1.057679664121310648e+00
1.062278619436471949e+00
1.066840149281291783e+00
1.071363760767876094e+00
1.075848965291339221e+00
1.080295278490723376e+00
1.084702220208088708e+00
1.089069314445818115e+00
1.093396089322173914e+00
1.097682077025131431e+00
1.101926813764547930e+00
1.106129839722681973e+00
1.110290699003114945e+00
1.114408939578103830e+00
1.118484113234406996e+00
1.122515775517613390e+00
1.126503485675016458e+00
1.130446806597066534e+00
1.134345304757438555e+00
1.138198550151749311e+00
1.142006116234960400e+00
1.145767579857500440e+00
1.149482521200148266e+00
1.153150523707700881e+00
1.156771174021469228e+00
1.160344061910631996e+00
1.163868780202483633e+00
1.167344924711607668e+00
1.170772094168011757e+00
1.174149890144254194e+00
1.177477916981598538e+00
1.180755781715224773e+00
1.183983093998536296e+00
1.187159466026582511e+00
1.190284512458644084e+00
1.193357850340001747e+00
1.196379099022921721e+00
1.199347880086893525e+00
1.202263817258145684e+00
1.205126536328473552e+00
1.207935665073405662e+00
1.210690833169745462e+00
1.213391672112508868e+00
1.216037815131299604e+00
1.218628897106137421e+00
1.221164554482782938e+00
1.223644425187577101e+00
1.226068148541830993e+00
1.228435365175793326e+00
1.230745716942220014e+00
1.232998846829583606e+00
1.235194398874941868e+00
1.237332018076498619e+00
1.239411350305885673e+00
1.241432042220191434e+00
1.243393741173766331e+00
1.245296095129833969e+00
1.247138752571933074e+00
1.248921362415222447e+00
1.250643573917673779e+00
1.252305036591183640e+00
1.253905400112627966e+00
1.255444314234897440e+00
1.256921428697928000e+00
1.258336393139769749e+00
1.259688857007711826e+00
1.260978469469498320e+00
1.262204879324663631e+00
1.263367734916014395e+00
1.264466684041290367e+00
1.265501373865030921e+00
1.266471450830682244e+00
1.267376560572970323e+00
1.268216347830574797e+00
1.268990456359130548e+00
1.269698528844594332e+00
1.270340206817004214e+00
1.270915130564664430e+00
1.271422939048789225e+00
1.271863269818643172e+00
1.272235758927202198e+00
1.272540040847380149e+00
1.272775748388851547e+00
1.272942512615502952e+00
1.273039962763555799e+00
1.273067726160391544e+00
1.273025428144124449e+00
1.272912691983948630e+00
1.272729138801312665e+00
1.272474387491948411e+00
1.272148054648806870e+00
1.271749754485932415e+00
1.271279098763322013e+00
1.270735696712817164e+00
1.270119154965066333e+00
1.269429077477605139e+00
1.268665065464101849e+00
1.267826717324815444e+00
1.266913628578312689e+00
1.265925391794498811e+00
1.264861596529001098e+00
1.263721829258974028e+00
1.262505673320364785e+00
1.261212708846697339e+00
1.259842512709435258e+00
1.258394658459973225e+00
1.256868716273320086e+00
1.255264252893530497e+00
1.253580831580948907e+00
1.251818012061320706e+00
1.249975350476845160e+00
1.248052399339225182e+00
1.246048707484789020e+00
1.243963820031742440e+00
1.241797278339630495e+00
1.239548619971075016e+00
1.237217378655862898e+00
1.234803084257453776e+00
1.232305262741995699e+00
1.229723436149912974e+00
1.227057122570154757e+00
1.224305836117181912e+00
1.221469086910775825e+00
1.218546381058756678e+00
1.215537220642692207e+00
1.212441103706690226e+00
1.209257524249365723e+00
1.205985972219070668e+00
1.202625933512482259e+00
1.199176889976648397e+00
1.195638319414584316e+00
1.192009695594521856e+00
1.188290488262914613e+00
1.184480163161299116e+00
1.180578182047121061e+00
1.176584002718630728e+00
1.172497079043963497e+00
1.168316860994505380e+00
1.164042794682671689e+00
1.159674322404200986e+00
1.155210882685088203e+00
1.150651910333279293e+00
1.145996836495237092e+00
1.141245088717515399e+00
1.136396091013454512e+00
1.131449263935133676e+00
1.126404024650702329e+00
1.121259787027225840e+00
1.116015961719173610e+00
1.110671956262687221e+00
1.105227175175761634e+00
1.099681020064478432e+00
1.094032889735427450e+00
1.088282180314463554e+00
1.082428285371930698e+00
1.076470596054505791e+00
1.070408501223803377e+00
1.064241387601886135e+00
1.057968639923831944e+00
1.051589641097503414e+00
1.045103772370669315e+00
1.038510413505632002e+00
1.031808942961507380e+00
1.024998738084314409e+00
1.018079175305022455e+00
1.011049630345715711e+00
1.003909478434023228e+00
9.966580945259699842e-01
9.892948535374077590e-01
9.818191305841734717e-01
9.742303012311339661e-01
9.665277417502708968e-01
9.587108293879555987e-01
9.507789426415721445e-01
9.427314615456358071e-01
9.345677679675610250e-01
9.262872459132267533e-01
9.178892818424896349e-01
9.093732649947902091e-01
9.007385877249948214e-01
8.919846458496227815e-01
8.831108390035909972e-01
8.741165710076179707e-01
8.650012502464242692e-01
8.557642900578545930e-01
8.464051091330553334e-01
8.369231319278298553e-01
8.273177890852926319e-01
8.175885178699355826e-01
8.077347626132219682e-01
7.977559751708116487e-01
7.876516153915186225e-01
7.774211515980953280e-01
7.670640610799350778e-01
7.565798305977722293e-01
7.459679569004570299e-01
7.352279472538726379e-01
7.243593199820563822e-01
7.133616050205738857e-01
7.022343444821934622e-01
6.909770932348944239e-01
6.795894194922325049e-01
6.680709054160791638e-01
6.564211477317407617e-01
6.446397583554474009e-01
6.327263650341975465e-01
6.206806119979280112e-01
6.085021606239648939e-01
5.961906901137030701e-01
5.837458981814462877e-01
5.711675017553201616e-01
5.584552376901679160e-01
5.456088634923131897e-01
5.326281580560586759e-01
5.195129224117839284e-01
5.062629804854743565e-01
4.928781798695066607e-01
4.793583926044940324e-01
4.657035159719740136e-01
4.519134732977096447e-01
4.379882147653446078e-01
4.239277182401425814e-01
4.097319901025157640e-01
3.954010660910244335e-01
3.809350121545108658e-01
3.663339253130085682e-01
3.515979345270419665e-01
3.367272015749072644e-01
3.217219219375087036e-01
3.065823256902897587e-01
2.913086784017811515e-01
2.759012820382573672e-01
2.603604758739705982e-01
2.446866374064027849e-01
2.288801832759483901e-01
2.129415701894172286e-01
1.968712958467128959e-01
1.806698998700203840e-01
1.643379647348041095e-01
1.478761167018892431e-01
1.312850267498712198e-01
1.145654115070699197e-01
9.771803418221408633e-02
8.074370549300829980e-02
6.364328459171644803e-02
4.641767998685261687e-02
2.906785046004614625e-02
1.159480597712411742e-02
-6.000391407589650283e-03
-2.371662665477404508e-02
-4.155273085246437292e-02
-5.950748033833912209e-02
-7.757959583305043538e-02
-9.576774158573379825e-02
-1.140705245328666323e-01
-1.324864934716665776e-01
-1.510141382492498630e-01
-1.696518889687973486e-01
-1.883981152140014048e-01
-2.072511252930883674e-01
-2.262091655037382631e-01
-2.452704194202486865e-01
-2.644330072043018509e-01
-2.836949849407284230e-01
-3.030543439996704058e-01
-3.225090104265647128e-01
-3.420568443613956622e-01
-3.616956394886644000e-01
-3.814231225195516273e-01
-4.012369527077507270e-01
-4.211347214004678707e-01
-4.411139516260856874e-01
-4.611720977200017280e-01
-4.813065449901487991e-01
-5.015146094237157293e-01
-5.217935374365779699e-01
-5.421405056669539313e-01
-5.625526208147870744e-01
-5.830269195283633854e-01
-6.035603683396435493e-01
-6.241498636497941899e-01
-6.447922317663752345e-01
-6.654842289936311328e-01
-6.862225417773044622e-01
-7.070037869053744650e-01
-7.278245117660875341e-01
-7.486811946646234617e-01
-7.695702451997046278e-01
-7.904880047014176681e-01
-8.114307467314774147e-01
-8.323946776471229381e-01
-8.533759372297833323e-01
-8.743705993796027087e-01
-8.953746728768634533e-01
-9.163841022112844126e-01
-9.373947684801104963e-01
-9.584024903558514552e-01
-9.794030251244520979e-01
-1.000392069794611594e+00
-1.021365262278892017e+00
-1.042318182647174574e+00
-1.063246354452949127e+00
-1.084145246132830032e+00
-1.105010272479606703e+00
-1.125836796189045863e+00
-1.146620129480565353e+00
-1.167355535791809285e+00
-1.188038231547043244e+00
-1.208663387999193262e+00
-1.229226133145245425e+00
-1.249721553714610245e+00
-1.270144697229950159e+00
-1.290490574139854685e+00
-1.310754160022623793e+00
-1.330930397860325076e+00
-1.351014200382141484e+00
-1.371000452475935827e+00
-1.390884013666809915e+00
-1.410659720661343375e+00
-1.430322389956039553e+00
-1.449866820508418197e+00
-1.469287796469032958e+00
-1.488580089972608267e+00
-1.507738463986326050e+00
-1.526757675213199494e+00
-1.545632477048335396e+00
-1.564357622585757834e+00
-1.582927867673368461e+00
-1.601337974013474552e+00
-1.619582712306209427e+00
-1.637656865433068543e+00
-1.655555231677645178e+00
-1.673272627980564087e+00
-1.690803893225496068e+00
-1.708143891553032923e+00
-1.725287515699107876e+00
-1.742229690354543781e+00
-1.758965375542238530e+00
-1.775489570008388585e+00
-1.791797314624088644e+00
-1.807883695793564005e+00
-1.823743848865219563e+00
-1.839372961541635210e+00
-1.854766277284564779e+00
-1.869919098710958405e+00
-1.884826790975976163e+00
-1.899484785138921161e+00
-1.913888581507995790e+00
-1.928033752959749103e+00
-1.941915948229085309e+00
-1.955530895165671801e+00
-1.968874403952600272e+00
-1.981942370283150456e+00
-1.994730778491531353e+00
-2.007235704633477891e+00
-2.019453319512638512e+00
-2.031379891648688041e+00
-2.043011790183197007e+00
-2.054345487719289487e+00
-2.065377563091221003e+00
-2.076104704060067530e+00
-2.086523709931782822e+00
-2.096631494093985637e+00
-2.106425086467920149e+00
-2.115901635872130981e+00
-2.125058412294520416e+00
-2.133892809069544150e+00
-2.142402344957451188e+00
-2.150584666122582256e+00
-2.158437548007890783e+00
-2.165958897102981950e+00
-2.173146752603124732e+00
-2.179999287956833509e+00
-2.186514812299785060e+00
-2.192691771772993903e+00
-2.198528750723343972e+00
-2.204024472784739341e+00
-2.209177801838321908e+00
-2.213987742850381579e+00
-2.218453442586763913e+00
-2.222574190202775135e+00
-2.226349417707757183e+00
-2.229778700303723049e+00
-2.232861756597599889e+00
-2.235598448686845874e+00
-2.237988782118392361e+00
-2.240032905721049072e+00
-2.241731111311714209e+00
-2.243083833275910433e+00
-2.244091648023370134e+00
-2.244755273319576805e+00
-2.245075567494346558e+00
-2.245053528528742515e+00
-2.244690293021761374e+00
-2.243987135038441938e+00
-2.242945464841196390e+00
-2.241566827506343618e+00
-2.239852901427985543e+00
-2.237805496711533948e+00
-2.235426553459336940e+00
-2.232718139951014535e+00
-2.229682450721254483e+00
-2.226321804537942484e+00
-2.222638642283661703e+00
-2.218635524743675980e+00
-2.214315130303672330e+00
-2.209680252560620062e+00
-2.204733797850211729e+00
-2.199478782694451962e+00
-2.193918331173041025e+00
-2.188055672222280812e+00
-2.181894136865309974e+00
-2.175437155377519804e+00
-2.168688254391079262e+00
-2.161651053942538869e+00
-2.154329264467507166e+00
-2.146726683746455588e+00
-2.138847193805698765e+00
-2.130694757777644277e+00
-2.122273416724381079e+00
-2.113587286428714407e+00
-2.104640554156713694e+00
-2.095437475395848015e+00
-2.085982370572745381e+00
-2.076279621754607341e+00
-2.066333669338245471e+00
-2.056149008730686845e+00
-2.045730187025238234e+00
-2.035081799676843328e+00
-2.024208487180505944e+00
-2.013114931756492698e+00
-2.001805854045945576e+00
-1.990286009820468216e+00
-1.978560186709156010e+00
-1.966633200946471760e+00
-1.954509894144246474e+00
-1.942195130091030286e+00
-1.929693791581878592e+00
-1.917010777281588751e+00
-1.904150998624275948e+00
-1.891119376752075310e+00
-1.877920839495653471e+00
-1.864560318399084871e+00
-1.851042745791542377e+00
-1.837373051908139487e+00
-1.823556162062121455e+00
-1.809596993870519643e+00
-1.795500454535221335e+00
-1.781271438181319500e+00
-1.766914823254469802e+00
-1.752435469978864013e+00
-1.737838217877313740e+00
-1.723127883354806045e+00
-1.708309257346789511e+00
-1.693387103033314967e+00
-1.678366153620050039e+00
-1.663251110187065285e+00
-1.648046639606171038e+00
-1.632757372527483097e+00
-1.617387901435776376e+00
-1.601942778777075693e+00
-1.586426515155838546e+00
-1.570843577602962116e+00
-1.555198387914770386e+00
-1.539495321063010014e+00
-1.523738703675815209e+00
-1.507932812589493521e+00
-1.492081873470897602e+00
-1.476190059510060992e+00
-1.460261490182698685e+00
-1.444300230082085523e+00
-1.428310287819753555e+00
-1.412295614994367732e+00
-1.396260105228082748e+00
-1.380207593269608735e+00
-1.364141854163144485e+00
-1.348066602482284937e+00
-1.331985491627954543e+00
-1.315902113189362010e+00
-1.299819996366908370e+00
-1.283742607455959694e+00
-1.267673349390331827e+00
-1.251615561344302741e+00
-1.235572518391927055e+00
-1.219547431222395506e+00
-1.203543445910156384e+00
-1.187563643738474228e+00
-1.171611041075094839e+00
-1.155688589298646152e+00
-1.139799174774398516e+00
-1.123945618877985275e+00
-1.108130678065670782e+00
-1.092357043989746979e+00
-1.076627343657624802e+00
-1.060944139633183791e+00
-1.045309930278944144e+00
-1.029727150037613059e+00
-1.014198169751568734e+00
-9.987252970188419399e-01
-9.833107765841658798e-01
-9.679567907636600355e-01
-9.526654599017400082e-01
-9.374388428588383837e-01
-9.222789375285457281e-01
-9.071876813827866037e-01
-8.921669520436654732e-01
-8.772185678806290188e-01
-8.623442886316223799e-01
-8.475458160469038216e-01
-8.328247945542469610e-01
-8.181828119442431380e-01
-8.036214000744561492e-01
-7.891420355911984430e-01
-7.747461406677297324e-01
-7.604350837576918654e-01
-7.462101803626240981e-01
-7.320726938124314520e-01
-7.180238360577020362e-01
-7.040647684727909805e-01
-6.901966026686254807e-01
-6.764204013142071092e-01
-6.627371789658078605e-01
-6.491479029029021408e-01
-6.356534939698887943e-01
-6.222548274226871179e-01
-6.089527337793279038e-01
-5.957479996736818606e-01
-5.826413687114935236e-01
-5.696335423279212939e-01
-5.567251806458122232e-01
-5.439169033339636972e-01
-5.312092904646550373e-01
-5.186028833697549079e-01
-5.060981854947460556e-01
-4.936956632500255626e-01
-4.813957468588690447e-01
-4.691988312014745421e-01
-4.571052766545282142e-01
-4.451154099257522145e-01
-4.332295248829308720e-01
-4.214478833769228494e-01
-4.097707160582029218e-01
-3.981982231864945043e-01
-3.867305754330725431e-01
-3.753679146753508000e-01
-3.641103547833772214e-01
-3.529579823978892250e-01
-3.419108576996066073e-01
-3.309690151694386628e-01
-3.201324643393378411e-01
-3.094011905335109502e-01
-2.987751555997549269e-01
-2.882542986306739219e-01
-2.778385366745688700e-01
-2.675277654358046986e-01
-2.573218599644702120e-01
-2.472206753351715580e-01
-2.372240473148103934e-01
-2.273317930192131353e-01
-2.175437115584943903e-01
-2.078595846710513673e-01
-1.982791773460949036e-01
-1.888022384346479399e-01
-1.794285012489432729e-01
-1.701576841501597492e-01
-1.609894911244770244e-01
-1.519236123473953759e-01
-1.429597247363274537e-01
-1.340974924914272171e-01
-1.253365676246820382e-01
-1.166765904772630869e-01
-1.081171902251651940e-01
-9.965798537315340155e-02
-9.129858423706593840e-02
-8.303858541451158981e-02
-7.487757824401153339e-02
-6.681514325265403009e-02
-5.885085259231881416e-02
-5.098427046454867551e-02
-4.321495353414772644e-02
-3.554245133158395742e-02
-2.796630664429600177e-02
-2.048605589698548890e-02
-1.310122952100933880e-02
-5.811352312960038624e-03
1.384056217446194559e-03
8.485481510068670907e-03
1.549341362750966677e-02
2.240834693863780203e-02
2.923077981233546119e-02
3.596121432135768181e-02
4.260015595616606365e-02
4.914811334861546310e-02
5.560559800535558317e-02
6.197312405081889519e-02
6.825120797965589237e-02
7.444036841848722386e-02
8.054112589682194123e-02
8.655400262701973269e-02
9.247952229313782802e-02
9.831820984853767431e-02
1.040705913220967282e-01
1.097371936328902509e-01
1.153185444131932247e-01
1.208151718396679453e-01
1.262276044725809676e-01
1.315563711029135163e-01
1.368020006072230288e-01
1.419650218101009553e-01
1.470459633540942557e-01
1.520453535769414888e-01
1.569637203959777239e-01
1.618015911995709377e-01
1.665594927454445706e-01
1.712379510657421333e-01
1.758374913786954208e-01
1.803586380067564443e-01
1.848019143010483090e-01
1.891678425720018097e-01
1.934569440260348605e-01
1.976697387081415291e-01
2.018067454502470159e-01
2.058684818252041193e-01
2.098554641062850834e-01
2.137682072320427062e-01
2.176072247764047063e-01
2.213730289238743376e-01
2.250661304496978099e-01
2.286870387048808295e-01
2.322362616059181484e-01
2.357143056291099992e-01
2.391216758093434036e-01
2.424588757432079023e-01
2.457264075963303540e-01
2.489247721147964665e-01
2.520544686405450374e-01
2.551159951306121165e-01
2.581098481801067379e-01
2.610365230487995403e-01
2.638965136912100329e-01
2.666903127900733805e-01
2.694184117930756850e-01
2.720813009527408011e-01
2.746794693693629941e-01
2.772134050368676994e-01
2.796835948914919712e-01
2.820905248631805362e-01
2.844346799295834338e-01
2.867165441725523789e-01
2.889366008370287675e-01
2.910953323922205183e-01
2.931932205949603909e-01
2.952307465551473054e-01
2.972083908031675770e-01
2.991266333591944826e-01
3.009859538042676252e-01
3.027868313530527877e-01
3.045297449281854085e-01
3.062151732360999801e-01
3.078435948442487802e-01
3.094154882596175660e-01
3.109313320084396426e-01
3.123916047170197663e-01
3.137967851935711261e-01
3.151473525109766971e-01
3.164437860903832056e-01
3.176865657855356684e-01
3.188761719677664641e-01
3.200130856115479538e-01
3.210977883805217203e-01
3.221307627139169405e-01
3.231124919132741802e-01
3.240434602293821853e-01
3.249241529493521186e-01
3.257550564837383700e-01
3.265366584536229522e-01
3.272694477775848765e-01
3.279539147584684677e-01
3.285905511698709036e-01
3.291798503422667110e-01
3.297223072486925033e-01
3.302184185899082469e-01
3.306686828789600630e-01
3.310736005250640712e-01
3.314336739167356716e-01
3.317494075040859913e-01
3.320213078802104478e-01
3.322498838615944305e-01
3.324356465674594419e-01
3.325791094979787532e-01
3.326807886112873591e-01
3.327412023992110113e-01
3.327608719616507726e-01
3.327403210795411015e-01
3.326800762863195704e-01
3.325806669378336133e-01
3.324426252806180204e-01
3.322664865184727923e-01
3.320527888772756842e-01
3.318020736679619942e-01
3.315148853476050927e-01
3.311917715785331895e-01
3.308332832854201655e-01
3.304399747102823026e-01
