1.262396853718428247e-10
1.144959127508116126e-10
1.038239494377535266e-10
9.412842727485326577e-11
8.532163864316544277e-11
7.732386952952197134e-11
7.006240032580990373e-11
6.347111725091281187e-11
5.748923559423246843e-11
5.206168829374746565e-11
4.713823775759351520e-11
4.267303177485359811e-11
3.862432595980180849e-11
3.495420619614719726e-11
3.162781148091653449e-11
2.861388903596662203e-11
2.588351755150597455e-11
2.341082883106082591e-11
2.117189756845050397e-11
1.914535197045097448e-11
1.731115251146775336e-11
1.565181317886299439e-11
1.415084716072101401e-11
1.279376604657045391e-11
1.156702511551088719e-11
1.045852293657389964e-11
9.457379324118164732e-12
8.553380226317131019e-12
7.737421814368872219e-12
7.001565993647318464e-12
6.338207736433787431e-12
5.740463659975603150e-12
5.202449582242252291e-12
4.718614388110609070e-12
4.283906562818629027e-12
3.893829703116580276e-12
3.544387006115812255e-12
3.232192291591218236e-12
2.953581823561535202e-12
2.705835555616431520e-12
2.486399974799269330e-12
2.292888101607104545e-12
2.123301534595611884e-12
1.975752894622928579e-12
1.848854402908273187e-12
1.740996236065939229e-12
1.651234704524995323e-12
1.578626118714510085e-12
1.522226789063552133e-12
1.481592626362271403e-12
1.456113007947124061e-12
1.445732422666878847e-12
1.450228825916610731e-12
1.469435684242625939e-12
1.504074642610930823e-12
1.554090189870294125e-12
1.620092948684259682e-12
1.702860075170065102e-12
1.803390770049873026e-12
1.922462189440921065e-12
2.061573134426453180e-12
2.222111383787250816e-12
2.405908805513945481e-12
2.614686245294706168e-12
2.850802927056861336e-12
3.116645830303355069e-12
3.415046023746981518e-12
3.749139887432306750e-12
4.122507890613746895e-12
4.538758258121333711e-12
5.002359637629183453e-12
5.518085988143184295e-12
6.091169235666882287e-12
6.727507440018598572e-12
7.433609283680198132e-12
8.216566316221474153e-12
9.084261121117265247e-12
1.004543670468649452e-11
1.110964098494093832e-11
1.228767088079507630e-11
1.359098944497816319e-11
1.503264179802954459e-11
1.662679716130099905e-11
1.838895702377385533e-11
2.033634372011761116e-11
2.248784491953870202e-11
2.486437444826350429e-11
2.748860861156998681e-11
3.038572171654152498e-11
3.358345546100593992e-11
3.711211893353549840e-11
4.100494943592991604e-11
4.529880637260674803e-11
5.003363001687688438e-11
5.525378765636190792e-11
6.100758787042082076e-11
6.734816870856974447e-11
7.433383075738930756e-11
8.202867551876380503e-11
9.050261928766900610e-11
9.983266296975656928e-11
1.101029961647626010e-10
1.214059755505481064e-10
1.338425204000515123e-10
1.475234240322365054e-10
1.625700823959519425e-10
1.791150769370197793e-10
1.973036144187201302e-10
2.172947169420957891e-10
2.392621586966292568e-10
2.633961798670370058e-10
2.899046974702557122e-10
3.190149047704871066e-10
3.509752653438336090e-10
3.860571393815570573e-10
4.245572035209074779e-10
4.667992780510443751e-10
5.131368090854904196e-10
5.639561942438753306e-10
6.196784873430116747e-10
6.807635774541687113e-10
7.477130165023382347e-10
8.210739865788241332e-10
9.014427641840239147e-10
9.894699434798148729e-10
1.085864183292262197e-09
1.191397973332453120e-09
1.306912585097297352e-09
1.433324750554909599e-09
1.571632268770883911e-09
1.722921680324951410e-09
1.888375567027367197e-09
2.069280802263762098e-09
2.267037210734734742e-09
2.483167574340860995e-09
2.719327735212218045e-09
2.977317892227659968e-09
3.259094480401181215e-09
3.566783868258482926e-09
3.902695902557873353e-09
4.269339590190490696e-09
4.669439362947613859e-09
5.105953174155963836e-09
5.582091441858061387e-09
6.101338281827572985e-09
6.667473205490548338e-09
7.284596086065686649e-09
7.957152520221555392e-09
8.689962305297171952e-09
9.488249720635000273e-09
1.035767592527658820e-08
1.130437408958240297e-08
1.233498762853724173e-08
1.345671019059579976e-08
1.467733033722051772e-08
1.600527783918170854e-08
1.744967524641705126e-08
1.902039174078717920e-08
2.072810232484068038e-08
2.258435044533158020e-08
2.460161613315747786e-08
2.679338868827318976e-08
2.917424478388053188e-08
3.175993238888064063e-08
3.456746132390886572e-08
3.761519967032667111e-08
4.092297751362439229e-08
4.451219837164899218e-08
4.840595912297684933e-08
5.262917743623085620e-08
5.720872907691298970e-08
6.217359528951083014e-08
6.755502022885717661e-08
7.338667968107004391e-08
7.970486186857639321e-08
8.654866066708233330e-08
9.396018273068879045e-08
1.019847690880704150e-07
1.106712317648292365e-07
1.200721074193114406e-07
1.302439278944717005e-07
1.412475096026002963e-07
1.531482631137240369e-07
1.660165231285801180e-07
1.799279014252919140e-07
1.949636634305390581e-07
2.112111303839703247e-07
2.287641077472479800e-07
2.477233437964132534e-07
2.681970164425395708e-07
2.903012544172578480e-07
3.141606913330263762e-07
3.399090572446528125e-07
3.676898074136958350e-07
3.976567939587005718e-07
4.299749785871553875e-07
4.648211937401114380e-07
5.023849502377997212e-07
5.428692986322869451e-07
5.864917440034922436e-07
6.334852185561901106e-07
6.840991166184862138e-07
7.386003933254614573e-07
7.972747327888995983e-07
8.604277883933475479e-07
9.283864990314305565e-07
1.001500488526096966e-06
1.080143548090606309e-06
1.164715210916211774e-06
1.255642421531255604e-06
1.353381305968515136e-06
1.458419048097625570e-06
1.571275878645139734e-06
1.692507181579039344e-06
1.822705725594564452e-06
1.962504026523093081e-06
2.112576848928293671e-06
2.273643851760653867e-06
2.446472388846487878e-06
2.631880469838865366e-06
2.830739891421241161e-06
3.043979546028807714e-06
3.272588919911445515e-06
3.517621786422453489e-06
3.780200108216558164e-06
4.061518156156518344e-06
4.362846856811181118e-06
4.685538379813752874e-06
5.031030977226819134e-06
5.400854086116957387e-06
5.796633708459592027e-06
6.220098079972452565e-06
6.673083644718330598e-06
7.157541345902823648e-06
7.675543250918598348e-06
8.229289525036112551e-06
8.821115769795662143e-06
9.453500743317883037e-06
1.012907447892237578e-05
1.085062682129600553e-05
1.162111639827542037e-05
1.244368004714013071e-05
1.332164271632954242e-05
1.425852786229332963e-05
1.525806836433717638e-05
1.632421797675758998e-05
1.746116334524431407e-05
1.867333660736207601e-05
1.996542860290863308e-05
2.134240272060917987e-05
2.280950940398290827e-05
2.437230134619099153e-05
2.603664939907976428e-05
2.780875922542280776e-05
2.969518872416448962e-05
3.170286625649165746e-05
3.383910970616854641e-05
3.611164640235364764e-05
3.852863394046557310e-05
4.109868193091781308e-05
4.383087471238056310e-05
4.673479506211997148e-05
4.982054894045462312e-05
5.309879130399597358e-05
5.658075302580889421e-05
6.027826895943499963e-05
6.420380718624718597e-05
6.837049948407725175e-05
7.279217305738994170e-05
7.748338356974859842e-05
8.245944952034456321e-05
8.773648800422528815e-05
9.333145190143499192e-05
9.926216853511915517e-05
1.055473798446115996e-04
1.122067841149154699e-04
1.192610793091797294e-04
1.267320080462208676e-04
1.346424042705240964e-04
1.430162416578284468e-04
1.518786838033414632e-04
1.612561362359377082e-04
1.711763003063859756e-04
1.816682289922655347e-04
1.927623846676995711e-04
2.044906988799832792e-04
2.168866341812070164e-04
2.299852480559250179e-04
2.438232589913602588e-04
2.584391147321674076e-04
2.738730627627472547e-04
2.901672230582741374e-04
3.073656631464027900e-04
3.255144755179295579e-04
3.446618574257931389e-04
3.648581931092742536e-04
3.861561384790324070e-04
4.086107082965639847e-04
4.322793658813606221e-04
4.572221153734401522e-04
4.835015965829470019e-04
5.111831824488599629e-04
5.403350791318706214e-04
5.710284287621381072e-04
6.033374148589620845e-04
6.373393704359742173e-04
6.731148888059479418e-04
7.107479370893066140e-04
7.503259724344624182e-04
7.919400609459337215e-04
8.356849993207959848e-04
8.816594391816146015e-04
9.299660140948962095e-04
9.807114692572671544e-04
1.034006793826758308e-03
1.089967355870080645e-03
1.148713039895138399e-03
1.210368386926341522e-03
1.275062737080501218e-03
1.342930374589712539e-03
1.414110675215143886e-03
1.488748255984960467e-03
1.566993127187700507e-03
1.649000846538441201e-03
1.734932675435472971e-03
1.824955737209824069e-03
1.919243177268957490e-03
2.017974325021071325e-03
2.121334857463630374e-03
2.229516964308300708e-03
2.342719514505507694e-03
2.461148224023740338e-03
2.585015824728267853e-03
2.714542234195850556e-03
2.849954726291362150e-03
2.991488102320929987e-03
3.139384862569927215e-03
3.293895378018975306e-03
3.455278062026140296e-03
3.623799541746061670e-03
3.799734829054199348e-03
3.983367490725996107e-03
4.174989817614473131e-03
4.374902992557536119e-03
4.583417256734667600e-03
4.800852074181724549e-03
5.027536294161520647e-03
5.263808311078060909e-03
5.510016221607308418e-03
5.766517978710812564e-03
6.033681542184698987e-03
6.311885025385557957e-03
6.601516837765442069e-03
6.902975822835388797e-03
7.216671391168497790e-03
7.543023648040967505e-03
7.882463515300985185e-03
8.235432847044456273e-03
8.602384538667202235e-03
8.983782628853926450e-03
9.380102394055480491e-03
9.791830434996279947e-03
1.021946475474687019e-02
1.066351482788733228e-02
1.112450166028195603e-02
1.160295783897653463e-02
1.209942757172385690e-02
1.261446671563948296e-02
1.314864279448196144e-02
1.370253500404773964e-02
1.427673420516992718e-02
1.487184290380275629e-02
1.548847521767590142e-02
1.612725682899682558e-02
1.678882492268355536e-02
1.747382810960580735e-02
1.818292633431740218e-02
1.891679076676303778e-02
1.967610367744584282e-02
2.046155829554655026e-02
2.127385864949092945e-02
2.211371938946685156e-02
2.298186559140123070e-02
2.387903254191429958e-02
2.480596550378078025e-02
2.576341946143387296e-02
2.675215884606593764e-02
2.777295723988809639e-02
2.882659705912787862e-02
2.991386921536079435e-02
3.103557275478704969e-02
3.219251447508342245e-02
3.338550851948232645e-02
3.461537594774855009e-02
3.588294428374849687e-02
3.718904703933112454e-02
3.853452321426220628e-02
3.992021677198595575e-02
4.134697609100837501e-02
4.281565339173459828e-02
4.432710413861604137e-02
4.588218641750096971e-02
4.748176028811171290e-02
4.912668711160879387e-02
5.081782885323805898e-02
5.255604736009381051e-02
5.434220361406924549e-02
5.617715696010838755e-02
5.806176430990925286e-02
5.999687932127641121e-02
6.198335155335985003e-02
6.402202559806426108e-02
6.611374018795544705e-02
6.825932728104069924e-02
7.045961112284304662e-02
7.271540728624172056e-02
7.502752168959414547e-02
7.739674959371220520e-02
7.982387457830708577e-02
8.230966749857449027e-02
8.485488542263955325e-02
8.746027055063249067e-02
9.012654911621953424e-02
9.285443027146460249e-02
9.564460495594759304e-02
9.849774475112155203e-02
1.014145007209377586e-01
1.043955022398235788e-01
1.074413558091479454e-01
1.105526438633591679e-01
1.137299235670324038e-01
1.169737256041136486e-01
1.202845529606938330e-01
1.236628797026985138e-01
1.271091497499229617e-01
1.306237756478902112e-01
1.342071373390539835e-01
1.378595809349120183e-01
1.415814174906370460e-01
1.453729217838740373e-01
1.492343310993911598e-01
1.531658440213060912e-01
1.571676192346495027e-01
1.612397743380539483e-01
1.653823846693941169e-01
1.695954821462260509e-01
1.738790541229028597e-01
1.782330422662678771e-01
1.826573414518447569e-01
1.871517986824628443e-01
1.917162120312728701e-01
1.963503296111160923e-01
2.010538485722253577e-01
2.058264141302345029e-01
2.106676186264820339e-01
2.155770006225908586e-01
2.205540440313003003e-01
2.255981772855250589e-01
2.307087725475958084e-01
2.358851449606286788e-01
2.411265519439490246e-01
2.464321925344734598e-01
2.518012067759258787e-01
2.572326751577383996e-01
2.627256181054491435e-01
2.682789955243746194e-01
2.738917063982915234e-01
2.795625884448182941e-01
2.852904178291383874e-01
2.910739089376519484e-01
2.969117142130876519e-01
3.028024240525475363e-01
3.087445667698873741e-01
3.147366086237761706e-01
3.207769539126961167e-01
3.268639451380802585e-01
3.329958632366956106e-01
3.391709278833062724e-01
3.453872978645582403e-01
3.516430715249455607e-01
3.579362872856184929e-01
3.642649242367071438e-01
3.706269028037272317e-01
3.770200854885445430e-01
3.834422776852609016e-01
3.898912285712864412e-01
3.963646320737523876e-01
4.028601279113077638e-01
4.093753027112321807e-01
4.159076912016845262e-01
4.224547774787880128e-01
4.290139963481413021e-01
4.355827347402214667e-01
4.421583331990294741e-01
4.487380874432078115e-01
4.553192499987410713e-01
4.618990319022268087e-01
4.684746044735870751e-01
4.750431011569680173e-01
4.816016194284559182e-01
4.881472227691179278e-01
4.946769427017587151e-01
5.011877808896626485e-01
5.076767112954824190e-01
5.141406823983104557e-01
5.205766194668657310e-01
5.269814268866119811e-01
5.333519905385176729e-01
5.396851802270608012e-01
5.459778521549774055e-01
5.522268514421572183e-01
5.584290146859849369e-01
5.645811725603411269e-01
5.706801524503777312e-01
5.767227811201053322e-01
5.827058874097414964e-01
5.886263049596954788e-01
5.944808749579888474e-01
6.002664489078450849e-01
6.059798914121173885e-01
6.116180829711627132e-01
6.171779227907217003e-01
6.226563315963105083e-01
6.280502544505919271e-01
6.333566635701558534e-01
6.385725611381043443e-01
6.436949821088164825e-01
6.487209970012463023e-01
6.536477146770911517e-01
6.584722851001654220e-01
6.631919020733119119e-01
6.678038059491850920e-01
6.723052863112560784e-01
6.766936846214067769e-01
6.809663968305004200e-01
6.851208759483515820e-01
6.891546345695511722e-01
6.930652473516474288e-01
6.968503534422332280e-01
7.005076588515415370e-01
7.040349387672175663e-01
7.074300398080004548e-01
7.106908822131201564e-01
7.138154619642989029e-01
7.168018528373225617e-01
7.196482083802491214e-01
7.223527638154070285e-01
7.249138378624442325e-01
7.273298344797908266e-01
7.295992445220108591e-01
7.317206473106359077e-01
7.336927121161882503e-01
7.355141995492351370e-01
7.371839628584324622e-01
7.387009491336599121e-01
7.400642004124775575e-01
7.412728546882771941e-01
7.423261468186437284e-01
7.432234093325853497e-01
7.439640731354416614e-01
7.445476681104268302e-01
7.449738236159173521e-01
7.452422688777491366e-01
7.453528332759418173e-01
7.453054465254249639e-01
7.451001387504996298e-01
7.447370404529225496e-01
7.442163823736633876e-01
7.435384952485368792e-01
7.427038094580735716e-01
7.417128545721494159e-01
7.405662587900458949e-01
7.392647482767714662e-01
7.378091463966253150e-01
7.362003728451367301e-01
7.344394426806583054e-01
7.325274652570447076e-01
7.304656430589850924e-01
7.282552704417014633e-01
7.258977322768610518e-01
7.233945025066899071e-01
7.207471426083938981e-01
7.179572999711330006e-01
7.150267061879057584e-01
7.119571752648250484e-01
7.087506017503759637e-01
7.054089587873559886e-01
7.019342960903012241e-01
6.983287378512984533e-01
6.945944805771775421e-01
6.907337908611645982e-01
6.867490030921581390e-01
6.826425171048663421e-01
6.784167957741124022e-01
6.740743625566802955e-01
6.696177989841292089e-01
6.650497421100596274e-01
6.603728819153544816e-01
6.555899586749633912e-01
6.507037602898272377e-01
6.457171195875681668e-01
6.406329115955908815e-01
6.354540507902544100e-01
6.301834883257799724e-01
6.248242092465661202e-01
6.193792296865719971e-01
6.138515940594237996e-01
6.082443722428781951e-01
6.025606567612581399e-01
5.968035599694418991e-01
5.909762112419577607e-01
5.850817541706911928e-01
5.791233437746687862e-01
5.731041437253302506e-01
5.670273235906443388e-01
5.608960561013619506e-01
5.547135144426338371e-01
5.484828695741489346e-01
5.422072875818729765e-01
5.358899270643876500e-01
5.295339365567454104e-01
5.231424519946661356e-01
5.167185942218134320e-01
5.102654665427848180e-01
5.037861523243621908e-01
4.972837126474551339e-01
4.907611840120738034e-01
4.842215760975563388e-01
4.776678695801659380e-01
4.711030140100625485e-01
4.645299257495377754e-01
4.579514859742881971e-01
4.513705387393838198e-01
4.447898891114703823e-01
4.382123013686262114e-01
4.316404972691717523e-01
4.250771543906135541e-01
4.185249045397791967e-01
4.119863322350849622e-01
4.054639732617492109e-01
3.989603133006562885e-01
3.924777866314433927e-01
3.860187749102758081e-01
3.795856060226511786e-01
3.731805530114620795e-01
3.668058330804286893e-01
3.604636066729034471e-01
3.541559766259341768e-01
3.478849873993713482e-01
3.416526243796883522e-01
3.354608132580887414e-01
3.293114194823659746e-01
3.232062477818880009e-01
3.171470417649765450e-01
3.111354835878646918e-01
3.051731936943197776e-01
2.992617306249376607e-01
2.934025908950251282e-01
2.875972089399135845e-01
2.818469571264619611e-01
2.761531458294443908e-01
2.705170235714368099e-01
2.649397772247628069e-01
2.594225322739854844e-01
2.539663531373841376e-01
2.485722435457918822e-01
2.432411469771260937e-01
2.379739471448911181e-01
2.327714685388947990e-01
2.276344770163780395e-01
2.225636804417231440e-01
2.175597293728734893e-01
2.126232177925732048e-01
2.077546838825058695e-01
2.029546108383987191e-01
1.982234277241348153e-01
1.935615103629102218e-01
1.889691822634566587e-01
1.844467155793532709e-01
1.799943320994396578e-01
1.756122042673514960e-01
1.713004562281997822e-01
1.670591649004248835e-01
1.628883610708649621e-01
1.587880305110970225e-01
1.547581151131178778e-01
1.507985140424620008e-01
1.469090849068647453e-01
1.430896449386133695e-01
1.393399721887503828e-01
1.356598067313247447e-01
1.320488518759198870e-01
1.285067753867201734e-01
1.250332107064121012e-01
1.216277581832604093e-01
1.182899862997301849e-01
1.150194329010768013e-01
1.118156064223609636e-01
1.086779871123956243e-01
1.056060282531735284e-01
1.025991573733750217e-01
9.965677745459883274e-02
9.677826812901133002e-02
9.396298686715734427e-02
9.121027015472658872e-02
8.851943465711997749e-02
8.588977837071243293e-02
8.332058175975898262e-02
8.081110887794504261e-02
7.836060847363109094e-02
7.596831507789669757e-02
7.363345007453817037e-02
7.135522275122979652e-02
6.913283133110535716e-02
6.696546398407157707e-02
6.485229981721550574e-02
6.279250984371603783e-02
6.078525792972316183e-02
5.882970171871257370e-02
5.692499353287738817e-02
5.507028125116235351e-02
5.326470916359273694e-02
5.150741880159907804e-02
4.979754974407937795e-02
4.813424039898768492e-02
4.651662876027903154e-02
4.494385314008154247e-02
4.341505287600970486e-02
4.192936901356839052e-02
4.048594496363766559e-02
3.908392713506524813e-02
3.772246554242605909e-02
3.640071438904614320e-02
3.511783262541876699e-02
3.387298448317145605e-02
3.266533998477494372e-02
3.149407542921167646e-02
3.035837385384929088e-02
2.925742547279153519e-02
2.819042809200221142e-02
2.715658750152139325e-02
2.615511784511553167e-02
2.518524196772218074e-02
2.424619174107146488e-02
2.333720836788092182e-02
2.245754266504030802e-02
2.160645532621554080e-02
2.078321716431564409e-02
1.998710933427998854e-02
1.921742353665251493e-02
1.847346220242285231e-02
1.775453865961951205e-02
1.705997728215107728e-02
1.638911362139760727e-02
1.574129452105756805e-02
1.511587821576434489e-02
1.451223441398639090e-02
1.392974436572842582e-02
1.336780091555505451e-02
1.282580854145419329e-02
1.230318338006298508e-02
1.179935323877255061e-02
1.131375759522969954e-02
1.084584758474929460e-02
1.039508597614858740e-02
9.960947136508635502e-03
9.542916985366349525e-03
9.140492938832261993e-03
8.753183844123657575e-03
8.380509904999750015e-03
8.022002598570415755e-03
7.677204583952434991e-03
7.345669603230631228e-03
7.026962375177747688e-03
6.720658482175762005e-03
6.426344250773208255e-03
6.143616626303444184e-03
5.872083041977504969e-03
5.611361282857385557e-03
5.361079345103852978e-03
5.120875290881010677e-03
4.890397099294480077e-03
4.669302513720108294e-03
4.457258885879972210e-03
4.253943017001271532e-03
4.059040996390650413e-03
3.872248037739972615e-03
3.693268313470693398e-03
3.521814787412397285e-03
3.357609046101300843e-03
3.200381128968921018e-03
3.049869357686946225e-03
2.905820164915806636e-03
2.767987922700915204e-03
2.636134770743647771e-03
2.510030444767302749e-03
2.389452105185485564e-03
2.274184166272702479e-03
2.164018126023264932e-03
2.058752396878277269e-03
1.958192137487213547e-03
1.862149085663455939e-03
1.770441392682481352e-03
1.682893459063722341e-03
1.599335771964888187e-03
1.519604744313118871e-03
1.443542555784355086e-03
1.370996995738782420e-03
1.301821308206663197e-03
1.235874039016648940e-03
1.173018885146370760e-03
1.113124546370719559e-03
1.056064579275761695e-03
1.001717253697187449e-03
9.499654116390532366e-04
9.006963287191693812e-04
8.538015781831553852e-04
8.091768975234669981e-04
7.667220577320943420e-04
7.263407352125494931e-04
6.879403863707111988e-04
6.514321248988486079e-04
6.167306017637597115e-04
5.837538879022163840e-04
5.524233596287952963e-04
5.226635867501272514e-04
4.944022233808187394e-04
4.675699014513590157e-04
4.421001268934132700e-04
4.179291784875416305e-04
3.949960093529436556e-04
3.732421510580508084e-04
3.526116203251099257e-04
3.330508283057656560e-04
3.145084923931798504e-04
2.969355505438794895e-04
2.802850780730080371e-04
2.645122068899857792e-04
2.495740471367483004e-04
2.354296111908849021e-04
2.220397399961791807e-04
2.093670316766355066e-04
1.973757723963340260e-04
1.860318694208856760e-04
1.753027863369283068e-04
1.651574803884850451e-04
1.555663418830455225e-04
1.465011356246992413e-04
1.379349443287186672e-04
1.298421139721631090e-04
1.221982010353034331e-04
1.149799215886815329e-04
1.081651021795776435e-04
1.017326324738790366e-04
9.566241960622806628e-05
8.993534419539372937e-05
8.453321797857737963e-05
7.943874302135389698e-05
7.463547245879081915e-05
7.010777272375978697e-05
6.584078721981467819e-05
6.182040139725980543e-05
5.803320918722210120e-05
5.446648075582705140e-05
5.110813153552662413e-05
4.794669249408300971e-05
4.497128160199301283e-05
4.217157645921079667e-05
3.953778804352200971e-05
3.706063554335253807e-05
3.473132223721572820e-05
3.254151238717487016e-05
3.048330910715088549e-05
2.854923317559612816e-05
2.673220275701757020e-05
2.502551400070628096e-05
2.342282248472132844e-05
2.191812547369317854e-05
2.050574496103955979e-05
1.918031146616594462e-05
1.793674855713692923e-05
1.677025807245591943e-05
1.567630601390654702e-05
1.465060908490388187e-05
1.368912184856519755e-05
1.278802448091915026e-05
1.194371109592470143e-05
1.115277861786674596e-05
1.041201618053565203e-05
9.718395029769885674e-06
9.069058909079441566e-06
8.461314908976905191e-06
7.892624758438354649e-06
7.360596541744479637e-06
6.862976820516675236e-06
6.397643145389375618e-06
5.962596937261754881e-06
5.555956726133182144e-06
5.175951727096061994e-06
4.820915741610143357e-06
4.489281368175168652e-06
4.179574508447747583e-06
3.890409154896912192e-06
3.620482447980188923e-06
3.368569989448122470e-06
3.133521400314198679e-06
2.914256111430368890e-06
2.709759376703924083e-06
2.519078496285298563e-06
2.341319242898931563e-06
2.175642477411643405e-06
2.021260948545378078e-06
1.877436263883480727e-06
1.743476027417367735e-06
1.618731131726447448e-06
1.502593200586321842e-06
1.394492170819772170e-06
1.293894010261087413e-06
1.200298561279677934e-06
1.113237506164543866e-06
1.032272445813942063e-06
9.569930885522381914e-07
8.870155403378765513e-07
8.219806937187490448e-07
7.615527078536077354e-07
7.054175777607141207e-07
6.532817848278749118e-07
6.048710262385181835e-07
5.599290191504735503e-07
5.182163741040968219e-07
4.795095351201039691e-07
4.435997832848148636e-07
4.102922976229050889e-07
3.794052745656473213e-07
3.507690976498056834e-07
3.242255595392595779e-07
2.996271286706542192e-07
2.768362629933240893e-07
2.557247631533587917e-07
2.361731670889877233e-07
2.180701808175006251e-07
2.013121446174659379e-07
1.858025324239648279e-07
1.714514823881324590e-07
1.581753563831625464e-07
1.458963278661018492e-07
1.345419947370099512e-07
1.240450179282423689e-07
1.143427813803804538e-07
1.053770753737734434e-07
9.709379865299044843e-08
8.944268071759547967e-08
8.237702138480518244e-08
7.585344783365977062e-08
6.983168655133598079e-08
6.427435100125888923e-08
5.914674285067977877e-08
5.441666629801833466e-08
5.005425422061060559e-08
4.603180713338983487e-08
4.232364084200135323e-08
3.890594638122912841e-08
3.575665730171095902e-08
3.285532837460358735e-08
3.018301911184018138e-08
2.772218876678778088e-08
2.545659574804126635e-08
2.337120497131195407e-08
2.145210227511018530e-08
1.968641283323080415e-08
1.806222682532165891e-08
1.656852990916668489e-08
1.519513762038293692e-08
1.393263585058868159e-08
1.277232355989532664e-08
1.170616198420404430e-08
1.072672464741408760e-08
9.827153368835439551e-09
9.001115366946699226e-09
8.242765192623124904e-09
7.546707703198762829e-09
6.907965199864918304e-09
6.321945814069529490e-09
5.784414683351890574e-09
5.291466959045365570e-09
4.839503534026512455e-09
4.425206617808541409e-09
4.045520279882808268e-09
3.697628217502746395e-09
3.378937754594524279e-09
3.087061065110141556e-09
2.819800393183413689e-09
2.575132732052232143e-09
2.351196945471478728e-09
2.146280750348061872e-09
1.958809767166336258e-09
1.787335869585238157e-09
1.630528198570679876e-09
1.487163413249614763e-09
1.356117745876517233e-09
1.236358362910472408e-09
1.126937307360798002e-09
1.026983643959145098e-09
9.356980780472756720e-10
8.523471026200546419e-10
7.762575096603718805e-10
7.068117341413326926e-10
6.434435900759538640e-10
5.856335069664986293e-10
5.329057030725725674e-10
4.848235059945471548e-10
4.409874324430920756e-10
4.010310295649022194e-10
3.646188368594538431e-10
3.314437266310754637e-10
3.012245331640572843e-10
2.737037055333679803e-10
2.486458677841696385e-10
2.258355724649163676e-10
2.050756127414121721e-10
1.861858514584646684e-10
1.690016390720749939e-10
1.533722107649460042e-10
1.391601209266291050e-10
