5.965711685327645952e+00 4.474717235031693718e+00 3.315054884801520885e+00 2.486724634637110132e+00 1.989726484538463680e+00 1.824060434505581529e+00 1.989726484538464568e+00 2.486724634637110132e+00 3.315054884801520885e+00 4.474717235031693718e+00 5.965711685327645952e+00
5.309049928905634985e+00 3.818055478609680975e+00 2.658393128379508141e+00 1.830062878215097832e+00 1.333064728116450937e+00 1.167398678083568786e+00 1.333064728116451159e+00 1.830062878215096500e+00 2.658393128379508585e+00 3.818055478609680975e+00 5.309049928905633209e+00
4.798313007244074946e+00 3.307318556948121824e+00 2.147656206717947658e+00 1.319325956553537349e+00 8.223278064548912303e-01 6.566617564220091907e-01 8.223278064548911193e-01 1.319325956553536461e+00 2.147656206717947658e+00 3.307318556948120492e+00 4.798313007244074058e+00
4.433500920342957841e+00 2.942506470047004274e+00 1.782844119816831219e+00 9.545138696524202437e-01 4.575157195537739030e-01 2.918496695208920855e-01 4.575157195537743471e-01 9.545138696524202437e-01 1.782844119816831219e+00 2.942506470047003830e+00 4.433500920342956064e+00
4.214613668202288110e+00 2.723619217906334988e+00 1.563956867676161488e+00 7.356266175117510686e-01 2.386284674131050609e-01 7.296241738022302137e-02 2.386284674131055050e-01 7.356266175117509576e-01 1.563956867676163487e+00 2.723619217906334988e+00 4.214613668202288110e+00
4.141651250822065755e+00 2.650656800526112189e+00 1.490994450295938911e+00 6.626642001315280472e-01 1.656660500328820118e-01 0.000000000000000000e+00 1.656660500328825392e-01 6.626642001315280472e-01 1.490994450295940243e+00 2.650656800526112189e+00 4.141651250822065755e+00
4.214613668202288110e+00 2.723619217906334988e+00 1.563956867676162155e+00 7.356266175117511796e-01 2.386284674131051164e-01 7.296241738022316015e-02 2.386284674131056716e-01 7.356266175117511796e-01 1.563956867676163709e+00 2.723619217906334988e+00 4.214613668202288110e+00
4.433500920342956952e+00 2.942506470047004274e+00 1.782844119816831441e+00 9.545138696524204658e-01 4.575157195537744581e-01 2.918496695208923075e-01 4.575157195537750132e-01 9.545138696524204658e-01 1.782844119816832773e+00 2.942506470047004274e+00 4.433500920342957841e+00
4.798313007244074058e+00 3.307318556948120936e+00 2.147656206717948546e+00 1.319325956553536905e+00 8.223278064548911193e-01 6.566617564220091907e-01 8.223278064548916744e-01 1.319325956553537571e+00 2.147656206717949434e+00 3.307318556948120936e+00 4.798313007244075834e+00
5.309049928905633209e+00 3.818055478609680975e+00 2.658393128379508141e+00 1.830062878215096944e+00 1.333064728116450937e+00 1.167398678083568786e+00 1.333064728116451159e+00 1.830062878215096500e+00 2.658393128379510362e+00 3.818055478609680975e+00 5.309049928905634985e+00
5.965711685327645952e+00 4.474717235031693718e+00 3.315054884801521773e+00 2.486724634637110132e+00 1.989726484538464346e+00 1.824060434505581529e+00 1.989726484538464568e+00 2.486724634637110132e+00 3.315054884801522661e+00 4.474717235031693718e+00 5.965711685327645952e+00
