-5.001263961976504246e-01 -4.984061175511240727e-01 -4.966806879045440049e-01 -4.949471820876010231e-01
-5.001266467227657442e-01 -4.984084776010009876e-01 -4.966865177214417337e-01 -4.949551250219995646e-01
-5.001243701068563974e-01 -4.984128964622822067e-01 -4.966980702669931969e-01 -4.949733854389306020e-01
-5.001193087070804344e-01 -4.984196539786409641e-01 -4.967150733089114034e-01 -4.950021945631558062e-01
-5.001126803621227523e-01 -4.984275967730352197e-01 -4.967386939092018339e-01 -4.950403463479849386e-01
-5.001037955901120879e-01 -4.984375213307531971e-01 -4.967681526872276820e-01 -4.950885852280553778e-01
-5.000922393403229860e-01 -4.984499649270963118e-01 -4.968029584045164926e-01 -4.951473434381539751e-01
-5.000792718100716128e-01 -4.984638251019562483e-01 -4.968442653737093484e-01 -4.952154038672683112e-01
-5.000645496410561774e-01 -4.984796433550530703e-01 -4.968915805413168796e-01 -4.952931996611643073e-01
-5.000474471192903891e-01 -4.984982543066232008e-01 -4.969441399679243587e-01 -4.953814080747542814e-01
-5.000291498766985532e-01 -4.985187047411315242e-01 -4.970029724379644298e-01 -4.954788997369797277e-01
-5.000098304362948776e-01 -4.985410898196148133e-01 -4.970680456135934677e-01 -4.955856060266055629e-01
-4.999886953755918184e-01 -4.985664769935157503e-01 -4.971383652873690995e-01 -4.957023916037072708e-01
-4.999666087313848761e-01 -4.985942829684729127e-01 -4.972145921122993473e-01 -4.958284384077454865e-01
-4.999443953706882993e-01 -4.986239888405357701e-01 -4.972973010962273843e-01 -4.959630063320176752e-01
-4.999213883589356255e-01 -4.986565720260865975e-01 -4.973855634485289667e-01 -4.961068320441528456e-01
-4.998977331479699249e-01 -4.986921868055497198e-01 -4.974792745219918655e-01 -4.962597865591192869e-01
-4.998745652691616859e-01 -4.987300043764979485e-01 -4.975792887856307356e-01 -4.964207595427007624e-01
-4.998518069617137738e-01 -4.987704134733499384e-01 -4.976852146250316244e-01 -4.965898635131151817e-01
-4.998287931618473068e-01 -4.988143703564359988e-01 -4.977960813791474370e-01 -4.967677440095800145e-01
-4.998060588970891227e-01 -4.988616131890076799e-01 -4.979121162798685885e-01 -4.969538057626625149e-01
-4.997844224328931162e-01 -4.989115917127771027e-01 -4.980337951050982093e-01 -4.971471765110323515e-01
-4.997636982330181388e-01 -4.989647419299819697e-01 -4.981605733752527687e-01 -4.973479649367857913e-01
-4.997437040741896097e-01 -4.990214614174357521e-01 -4.982919224671983893e-01 -4.975562085034204163e-01
-4.997252499789252567e-01 -4.990811251115047087e-01 -4.984283031665482921e-01 -4.977709065747746853e-01
-4.997091300035845229e-01 -4.991431023735338757e-01 -4.985701341998170499e-01 -4.979910628577500220e-01
-4.996950468462691419e-01 -4.992078238748516306e-01 -4.987167289681173621e-01 -4.982167420439527206e-01
-4.996822561204309343e-01 -4.992761248668360352e-01 -4.988669605748436986e-01 -4.984483939278252507e-01
-4.996707379171289598e-01 -4.993480748110601941e-01 -4.990204275806675582e-01 -4.986856902422952542e-01
-4.996612381243653589e-01 -4.994229427992397108e-01 -4.991774791223660412e-01 -4.989275076403879572e-01
-4.996544324526763781e-01 -4.995000307366930792e-01 -4.993383823180101988e-01 -4.991727592753938958e-01
-4.996503637168918099e-01 -4.995792265914455466e-01 -4.995027766951344872e-01 -4.994209333806600704e-01
-4.996485640087640068e-01 -4.996608792252223985e-01 -4.996698012792248345e-01 -4.996719657980261409e-01
-4.996485657143901471e-01 -4.997452937373853543e-01 -4.998385930605052652e-01 -4.999257495895762515e-01
-4.996504069427045169e-01 -4.998322319822819382e-01 -5.000087820301291064e-01 -5.001816466445097031e-01
-4.996546860581821958e-01 -4.999208556155968486e-01 -5.001805527292855214e-01 -5.004384247132488417e-01
-4.996618891322103240e-01 -5.000103919330104452e-01 -5.003539873508865421e-01 -5.006949101487920828e-01
-4.996716019921470520e-01 -5.001009211774622987e-01 -5.005282817641517612e-01 -5.009507745194459183e-01
-4.996828080423310614e-01 -5.001930867032685635e-01 -5.007020315819338263e-01 -5.012062583612215683e-01
-4.996952125159581648e-01 -5.002867777696919926e-01 -5.008745481809953048e-01 -5.014608623158627321e-01
-4.997096715199150774e-01 -5.003806985950525199e-01 -5.010462977236634918e-01 -5.017129071941469620e-01
-4.997267264138244292e-01 -5.004738306143047266e-01 -5.012174479622898415e-01 -5.019609871790748912e-01
-4.997454583649457160e-01 -5.005665851053172632e-01 -5.013867149294710668e-01 -5.022051334391911537e-01
-4.997648308666557404e-01 -5.006594719278687489e-01 -5.015526914935383163e-01 -5.024454970883250882e-01
-4.997852765754835502e-01 -5.007515114692265845e-01 -5.017154458740167300e-01 -5.026807494400347132e-01
-4.998073950323365655e-01 -5.008415300965368688e-01 -5.018752411426647964e-01 -5.029093588762221234e-01
-4.998302045776489289e-01 -5.009299182596895772e-01 -5.020307754423126712e-01 -5.031313642639724248e-01
-4.998527388229358492e-01 -5.010170518771606130e-01 -5.021807532369094718e-01 -5.033468215745068308e-01
-4.998757805355190653e-01 -5.011015555886558781e-01 -5.023256357682068796e-01 -5.035540503831927861e-01
-4.998997163343394390e-01 -5.011824390252219708e-01 -5.024655229213413898e-01 -5.037517466082481743e-01
-4.999231612256911927e-01 -5.012604888296503525e-01 -5.025987542151406640e-01 -5.039404009606860413e-01
-4.999457216330338571e-01 -5.013355215521921870e-01 -5.027246514745454808e-01 -5.041195712260890804e-01
-4.999684150388216675e-01 -5.014059508835362333e-01 -5.028439750731349411e-01 -5.042874139844653048e-01
-4.999905597021332970e-01 -5.014718981463072156e-01 -5.029558218896841293e-01 -5.044437909217877047e-01
-5.000109165424246882e-01 -5.015340766313030052e-01 -5.030587249387064031e-01 -5.045891958560152490e-01
-5.000303333900300018e-01 -5.015911443401037673e-01 -5.031533140518260616e-01 -5.047220902520720420e-01
-5.000489641830280219e-01 -5.016424703715770539e-01 -5.032395717705736571e-01 -5.048416362367132981e-01
-5.000653518510239648e-01 -5.016890762668785309e-01 -5.033158758485354323e-01 -5.049486801047601281e-01
-5.000799242842206560e-01 -5.017301489970715789e-01 -5.033824863455858001e-01 -5.050422727611975082e-01
-5.000933669841360896e-01 -5.017646463988320038e-01 -5.034399686529226203e-01 -5.051212268634156510e-01
-5.001043250473627966e-01 -5.017936124638835427e-01 -5.034868665700454882e-01 -5.051864633168773322e-01
-5.001128865814246094e-01 -5.018167110189112323e-01 -5.035231582026267194e-01 -5.052375710145395882e-01
-5.001200178598330659e-01 -5.018327657917930340e-01 -5.035497451729420426e-01 -5.052732938861543843e-01
-5.001245603148314345e-01 -5.018427737311713654e-01 -5.035654319412520286e-01 -5.052945640748081058e-01
-5.001263961976517569e-01 -5.018467606677083914e-01 -5.035700525849704512e-01 -5.053013950749731809e-01
-5.001266467227670764e-01 -5.018435573798449845e-01 -5.035647224098227515e-01 -5.052926046033728857e-01
-5.001243701068577296e-01 -5.018341059744254595e-01 -5.035485272399231604e-01 -5.052691314731095895e-01
-5.001193087070817667e-01 -5.018187359610681852e-01 -5.035212247460125745e-01 -5.052313560823494809e-01
-5.001126803621240846e-01 -5.017963471478524839e-01 -5.034840863395675381e-01 -5.051782324194132867e-01
-5.001037955901134202e-01 -5.017677910699153143e-01 -5.034365143324736058e-01 -5.051106706980442729e-01
-5.000922393403243182e-01 -5.017337133667827409e-01 -5.033781729182708053e-01 -5.050294290957502152e-01
-5.000792718100729450e-01 -5.016931289915270709e-01 -5.033104331707461965e-01 -5.049336438920096759e-01
-5.000645496410575097e-01 -5.016466924831058938e-01 -5.032331058515296940e-01 -5.048240886737979105e-01
-5.000474471192917214e-01 -5.015954011044529981e-01 -5.031457085523193262e-01 -5.047019301292114957e-01
-5.000291498766996634e-01 -5.015384824576519796e-01 -5.030495905351380914e-01 -5.045665831201657792e-01
-5.000098304362959878e-01 -5.014762013576955502e-01 -5.029451357648038190e-01 -5.044184899610814066e-01
-4.999886953755929286e-01 -5.014098346382805937e-01 -5.028317583640834476e-01 -5.042591455741198825e-01
-4.999666087313858753e-01 -5.013390397391507269e-01 -5.027105338517815492e-01 -5.040884564370591292e-01
-4.999443953706891874e-01 -5.012635253565291826e-01 -5.025825451985679315e-01 -5.039063677876152170e-01
-4.999213883589365137e-01 -5.011845167615525121e-01 -5.024473953282708738e-01 -5.037143625209178355e-01
-4.998977331479708131e-01 -5.011024582893019996e-01 -5.023054884094440009e-01 -5.035131846144625944e-01
-4.998745652691625740e-01 -5.010168094631902713e-01 -5.021582497662268052e-01 -5.033025916903720587e-01
-4.998518069617146620e-01 -5.009282426371796104e-01 -5.020059236005706138e-01 -5.030835502262863690e-01
-4.998287931618480839e-01 -5.008380322317794731e-01 -5.018481583771898791e-01 -5.028576634019205072e-01
-4.998060588970898999e-01 -5.007462568773760614e-01 -5.016858049356598404e-01 -5.026253606037263122e-01
-4.997844224328937823e-01 -5.006526950220085981e-01 -5.015200318858675788e-01 -5.023867590720896281e-01
-4.997636982330186939e-01 -5.005581160062088086e-01 -5.013510205622887517e-01 -5.021429709615528036e-01
-4.997437040741899428e-01 -5.004632824906286581e-01 -5.011789433810904804e-01 -5.018951324696091509e-01
-4.997252499789255897e-01 -5.003679493560351244e-01 -5.010049675539934855e-01 -5.016433863282279138e-01
-4.997091300035848560e-01 -5.002718561180730106e-01 -5.008302692669002187e-01 -5.013878503188650138e-01
-4.996950468462694750e-01 -5.001758042416040162e-01 -5.006549458829678834e-01 -5.011297051512330070e-01
-4.996822561204311564e-01 -5.000810191540618899e-01 -5.004786397886481497e-01 -5.008705747519572871e-01
-4.996707379171290708e-01 -4.999879718478340007e-01 -5.003017164757368462e-01 -5.006113390295506838e-01
-4.996612381243654699e-01 -4.998963258321398317e-01 -5.001253228523918626e-01 -5.003520614999373839e-01
-4.996544324526763781e-01 -4.998057718177554842e-01 -4.999505479143468989e-01 -5.000928253736431905e-01
-4.996503637168918099e-01 -4.997165969149191533e-01 -4.997778415638111649e-01 -4.998343199390965497e-01
-4.996485640087638957e-01 -4.996295633229285160e-01 -4.996071302802932990e-01 -4.995777246364817015e-01
-4.996485657143899251e-01 -4.995453891895086929e-01 -4.994383408669360591e-01 -4.993241752200416883e-01
-4.996504069427042949e-01 -4.994642357979550140e-01 -4.992719184799612187e-01 -4.990742353845585844e-01
-4.996546860581818628e-01 -4.993856550070691069e-01 -4.991088757534493103e-01 -4.988278469809716009e-01
-4.996618891322099909e-01 -4.993092696750711657e-01 -4.989501031224981564e-01 -4.985850265207920073e-01
-4.996716019921467189e-01 -4.992355646203089914e-01 -4.987955739660560051e-01 -4.983466627575549035e-01
-4.996828080423306173e-01 -4.991655832829677841e-01 -4.986446541487461470e-01 -4.981141999050900937e-01
-4.996952125159577207e-01 -4.990995988427415209e-01 -4.984974379060854721e-01 -4.978882936985488672e-01
-4.997096715199145223e-01 -4.990366907139975328e-01 -4.983551685220320993e-01 -4.976683937921820289e-01
-4.997267264138238740e-01 -4.989762191117210199e-01 -4.982187570785064912e-01 -4.974542339726943929e-01
-4.997454583649450499e-01 -4.989189694640457917e-01 -4.980876421949879673e-01 -4.972469711543662796e-01
-4.997648308666549632e-01 -4.988658039895291774e-01 -4.979611496104162094e-01 -4.970478167414740245e-01
-4.997852765754827731e-01 -4.988160819017452008e-01 -4.978400709240732303e-01 -4.968564615881025381e-01
-4.998073950323356773e-01 -4.987689765041029566e-01 -4.977253365641589600e-01 -4.966724179045806653e-01
-4.998302045776479297e-01 -4.987252219207126691e-01 -4.976162755689066963e-01 -4.964967586407098010e-01
-4.998527388229348500e-01 -4.986855059965494830e-01 -4.975122407444835249e-01 -4.963304785125923768e-01
-4.998757805355179551e-01 -4.986487467403357687e-01 -4.974143297354530757e-01 -4.961727799864562027e-01
-4.998997163343383288e-01 -4.986142563160228525e-01 -4.973232084576768575e-01 -4.960232693374903579e-01
-4.999231612256900825e-01 -4.985831093711897699e-01 -4.972377565943895128e-01 -4.958833040679159199e-01
-4.999457216330327469e-01 -4.985553716174168093e-01 -4.971578561745315095e-01 -4.957531920395645830e-01
-4.999684150388204462e-01 -4.985297019060901391e-01 -4.970847754540640429e-01 -4.956318277241409942e-01
-4.999905597021320758e-01 -4.985064723187501712e-01 -4.970180450621012880e-01 -4.955198275011011844e-01
-5.000109165424233559e-01 -4.984866080499973928e-01 -4.969566441209505858e-01 -4.954183232085156985e-01
-5.000303333900286695e-01 -4.984689532740029239e-01 -4.969016324032111687e-01 -4.953263368696148583e-01
-5.000489641830266896e-01 -4.984530752565938250e-01 -4.968533285511949615e-01 -4.952436270672735952e-01
-5.000653518510226325e-01 -4.984401649308379811e-01 -4.968104320858821588e-01 -4.951715501656149820e-01
-5.000799242842193237e-01 -4.984295375424196983e-01 -4.967735333760839311e-01 -4.951095435020322344e-01
-5.000933669841347573e-01 -4.984202887430472795e-01 -4.967434336278647722e-01 -4.950568346067781289e-01
-5.001043250473614643e-01 -4.984135816739896918e-01 -4.967188728312643131e-01 -4.950147031976077083e-01
-5.001128865814232771e-01 -4.984091502070088775e-01 -4.967000452671820887e-01 -4.949829493890971488e-01
-5.001200178598317336e-01 -4.984058929055589227e-01 -4.966879797981465505e-01 -4.949605424558328193e-01
-5.001245603148301022e-01 -4.984048699139408400e-01 -4.966815510968559666e-01 -4.949486048748297784e-01
