2.987118403403628969e-02 2.920087169743395411e-02 2.835258528620000079e-02 2.738980592607417192e-02 2.635678544417388927e-02 2.528224085764285006e-02 2.418395077466020324e-02 2.307265536178752449e-02
2.961499803838147510e-02 2.878857893511021018e-02 2.781122341066168471e-02 2.673980226014460726e-02 2.561259186718501182e-02 2.445374150339611752e-02 2.327788213211798643e-02 2.209371596551164968e-02
2.933681738307539894e-02 2.836510200211835031e-02 2.726702948251757963e-02 2.609288700900354308e-02 2.487542361917030598e-02 2.363476575485334852e-02 2.238286464497939512e-02 2.112672551192365869e-02
2.904015584537502845e-02 2.793300265134863319e-02 2.672157415000596392e-02 2.544979859547009948e-02 2.414541247650017070e-02 2.282504763051822899e-02 2.149839470357095550e-02 2.017105320139292446e-02
2.872798394118049672e-02 2.749429132295693606e-02 2.617595457312593688e-02 2.481091360535265036e-02 2.342243600666121112e-02 2.202415336181242494e-02 2.062386362439909762e-02 1.922600631329400567e-02
2.840275158195812791e-02 2.705048408602903076e-02 2.563086488293699061e-02 2.417631409573509430e-02 2.270617336658717691e-02 2.123152410429108433e-02 1.975858912531300998e-02 1.829085323561524881e-02
2.806642272629977439e-02 2.660266307881457154e-02 2.508666294781847564e-02 2.354584745770349832e-02 2.199615301589694094e-02 2.044651162425214011e-02 1.890184136565189674e-02 1.736484250774399454e-02
2.772051844184018898e-02 2.615153742763542608e-02 2.454343193604752518e-02 2.291917875397049553e-02 2.129179308792576372e-02 1.966840795694599006e-02 1.805286446308492637e-02 1.644721859508980338e-02
2.736616513103912185e-02 2.569750233159690672e-02 2.400103582059516516e-02 2.229583583231321484e-02 2.059243525592869412e-02 1.889646996286915848e-02 1.721089426412046250e-02 1.553723498647891985e-02
2.700414512934980193e-02 2.524069465825367828e-02 2.345916849217221864e-02 2.167524775212597427e-02 1.989737294716742433e-02 1.812993960630877519e-02 1.637517302089078544e-02 1.463416509109060487e-02
2.663494739710464687e-02 2.478104397260406586e-02 2.291739653343762007e-02 2.105677718614765853e-02 1.920587472045966887e-02 1.736806066592714790e-02 1.554496151653410665e-02 1.373731131376085789e-02
2.625881654433620191e-02 2.431831840473942449e-02 2.237519597124348544e-02 2.043974750602707557e-02 1.851720355107369653e-02 1.661009247724689122e-02 1.471954908309123025e-02 1.284601260931490102e-02
2.587579891279666311e-02 2.385216514620027567e-02 2.183198348365016084e-02 1.982346525519984234e-02 1.783063267594062196e-02 1.585532120957767327e-02 1.389826186834869533e-02 1.195965075754232623e-02
2.548578487042330379e-02 2.338214565224820338e-02 2.128714261947237119e-02 1.920723867227647208e-02 1.714545855723943052e-02 1.510306909480615620e-02 1.308046963435514388e-02 1.107765555451440016e-02
2.508854684058114612e-02 2.290776582316447763e-02 2.074004561515407213e-02 1.859039286406036912e-02 1.646101143520315238e-02 1.435270194916062406e-02 1.226559131333582360e-02 1.019950907649709929e-02
2.468377288629743788e-02 2.242850155654302693e-02 2.019007138461374057e-02 1.797228215086599593e-02 1.577666386558029127e-02 1.360363526124389044e-02 1.145309950465537956e-02 9.324749137749398925e-03
2.427109589567150866e-02 2.194382012395556386e-02 1.963662022254367839e-02 1.735230003016264427e-02 1.509183757102282135e-02 1.285533906364311890e-02 1.064252406313256558e-02 8.452972035773500051e-03
2.385011857157483955e-02 2.145319784754131515e-02 1.907912570813764114e-02 1.672988713624791804e-02 1.440600887547805430e-02 1.210734176357229457e-02 9.833454899016973866e-03 7.583834659446919181e-03
2.342043452726692149e-02 2.095613454663751082e-02 1.851706423386607903e-02 1.610453751509177342e-02 1.371871293720101394e-02 1.135923307756527868e-02 9.025544083072935611e-03 6.717056024604557002e-03
2.298164584472919825e-02 2.045216519763570773e-02 1.794996252300872994e-02 1.547580348120716938e-02 1.302954695297338199e-02 1.061066619015058402e-02 8.218507329913275414e-03 5.852418292509165183e-03
2.253337747741047253e-02 1.994086920764709045e-02 1.737740344641555690e-02 1.484329927487208767e-02 1.233817247506454294e-02 9.861359232728038327e-03 7.412124920699426391e-03 4.989767315805877096e-03
2.207528888086747812e-02 1.942187765288825446e-02 1.679903040310298801e-02 1.420670369509456112e-02 1.164431695996049655e-02 9.111096157698828774e-03 6.606242119507930478e-03 4.129012745695727002e-03
2.160708323711625981e-02 1.889487878492851491e-02 1.621455048712522329e-02 1.356576185017729572e-02 1.094777464824141407e-02 8.359727067942260281e-03 5.800769130819173960e-03 3.270127727337840406e-03
2.112851460641281681e-02 1.835962206655512158e-02 1.562373662318270254e-02 1.292028614434491234e-02 1.024840685557000530e-02 7.607168053914602039e-03 4.995680636497495941e-03 2.413148209257562609e-03
2.063939330177244624e-02 1.781592096266755229e-02 1.502642881834855698e-02 1.227015660173351279e-02 9.546141737737432950e-03 6.853400586346375042e-03 4.191014941905671365e-03 1.558171893516526949e-03
2.013958974472100996e-02 1.726365467691023947e-02 1.442253465073079118e-02 1.161532061302058758e-02 8.840973581631933823e-03 6.098470507002881451e-03 3.386872756358933791e-03 7.053568521128159366e-04
1.962903702870007899e-02 1.670276899123153760e-02 1.381202909785194353e-02 1.095579217364197125e-02 8.132961668979142231e-03 5.342486652136295075e-03 2.583415633449722727e-03 -1.450801693937127206e-04
1.910773238733072532e-02 1.613327633649303677e-02 1.319495379384735823e-02 1.029165066870992191e-02 7.422228756833696740e-03 4.585619136247364933e-03 1.780864098192517543e-03 -9.928657443404806382e-04
1.857573773558862315e-02 1.555525520090487827e-02 1.257141579092649168e-02 9.623039251540510541e-03 6.708959213985407101e-03 3.828097321062310342e-03 9.794954865583482308e-04 -1.837672037340576207e-03
1.803317942337129970e-02 1.496884896872904998e-02 1.194158588647759034e-02 8.950162859514908253e-03 5.993396845531752913e-03 3.070207495879858587e-03 1.796415187890645741e-04 -2.679119337354330874e-03
1.748024731659402961e-02 1.437426427016714504e-02 1.130569656588259128e-02 8.273285908776044015e-03 5.275842432313227956e-03 2.312290296789512069e-03 -6.183143754899082800e-04 -3.516778829386517282e-03
1.691719330362717599e-02 1.377176891106170545e-02 1.066403960515994488e-02 7.592729704617617176e-03 4.556651010601620380e-03 1.554737890480839720e-03 -1.413939961865929261e-03 -4.350175583308761064e-03
1.634432931323315935e-02 1.316168943846458828e-02 1.001696337566222207e-02 6.908869598054276015e-03 3.836228919299269208e-03 7.979909442553164561e-04 -2.206757313605263449e-03 -5.178791741447358668e-03
1.576202491996046146e-02 1.254440838868664705e-02 9.364869891070637040e-03 6.222131914609990710e-03 3.115030642966357208e-03 4.253540120175086994e-05 -2.996246107866031363e-03 -6.002069888431322935e-03
1.517070460129072741e-02 1.192036126027204608e-02 8.708211632073427008e-03 5.532990681219754868e-03 2.393555476583460098e-03 -7.111009191854110456e-04 -3.781847082949665439e-03 -6.819416584819850552e-03
1.457084469893611678e-02 1.129003325353868797e-02 8.047488177785326602e-03 4.841964179605664359e-03 1.672344033558946941e-03 -1.462351871000480046e-03 -4.562965637479743895e-03 -7.630206041773703908e-03
1.396297012827350977e-02 1.065395581658193890e-02 7.383242669040328277e-03 4.149611355390162709e-03 9.519746161038796818e-04 -2.210616656679418625e-03 -5.338975554153004011e-03 -8.433783911629954069e-03
1.334765087686780836e-02 1.001270303251946062e-02 6.716058129283777704e-03 3.456528109232807205e-03 2.330594689182049171e-04 -2.955263602816946607e-03 -6.109222828362737001e-03 -9.229471170970192373e-03
1.272549833312929327e-02 9.366887876079810216e-03 6.046553671810808890e-03 2.763343491325937103e-03 -4.837590588592736301e-04 -3.695634017634500789e-03 -6.873029577550654988e-03 -1.001656807670857352e-02
1.209716148490388478e-02 8.717158363523774475e-03 5.375380623206527965e-03 2.070715817844490363e-03 -1.197812416559313007e-03 -4.431046112878228582e-03 -7.629698004858445973e-03 -1.079435817763084796e-02
1.146332302276164075e-02 8.064193620467265122e-03 4.703218589738650604e-03 1.379328729628450517e-03 -1.908409795312261160e-03 -5.160798970810438410e-03 -8.378514392786681753e-03 -1.156211236146041654e-02
1.082469537576677930e-02 7.408699895394661554e-03 4.030771488044994008e-03 6.898872174570021970e-04 -2.614842092201241468e-03 -5.884176532540893838e-03 -9.118753107141032432e-03 -1.231909291294646172e-02
1.018201670269667028e-02 6.751406548199554054e-03 3.358763557947430731e-03 3.113640483002038523e-06 -3.316385878651658195e-03 -6.600451581494141268e-03 -9.849680594307942683e-03 -1.306455755590939065e-02
9.536046861378516537e-03 6.093062040471586803e-03 2.687935376001953335e-03 -6.802562376899438587e-04 -4.012307355281600693e-03 -7.308889697714338399e-03 -1.057055935349962561e-02 -1.379776345402718499e-02
8.887563381483380709e-03 5.434429948941291166e-03 2.019039891885641980e-03 -1.359477175646161239e-03 -4.701866271639784309e-03 -8.008753163370447778e-03 -1.128065186168281976e-02 -1.451797114974055780e-02
8.237357467888766632e-03 4.776285019275508179e-03 1.352838512079583035e-03 -2.033798327626136146e-03 -5.384319786735744517e-03 -8.699304803368135622e-03 -1.197922442635120620e-02 -1.522444842409016730e-02
7.586230060013719051e-03 4.119409276776702343e-03 6.900972540218094226e-04 -2.702467048142234186e-03 -6.058926247477101380e-03 -9.379811744956639830e-03 -1.266555094256265057e-02 -1.591647406015940514e-02
6.934987968085955246e-03 3.464588212653238984e-03 3.158298981166193786e-05 -3.364732609612446079e-03 -6.724948866149611792e-03 -1.004954907761906359e-02 -1.333891653472026213e-02 -1.659334149014000948e-02
6.284440102967539521e-03 2.812607066441613450e-03 -6.219402053782765311e-04 -4.019849812803394720e-03 -7.381659281844591552e-03 -1.070780339244886865e-02 -1.399862106729775867e-02 -1.725436230402391941e-02
5.635393814140634075e-03 2.164247224671380677e-03 -1.269714586583386810e-03 -4.667082470370964749e-03 -8.028340992058527470e-03 -1.135387618083488065e-02 -1.464398250991138378e-02 -1.789886959874390643e-02
4.988651350652464726e-03 1.520282753093571415e-03 -1.910992139824331179e-03 -5.305706746586188148e-03 -8.664292639887244407e-03 -1.198708707522598040e-02 -1.527434014123323774e-02 -1.852622114974907322e-02
4.345006460519452648e-03 8.814770765216929302e-04 -2.545037835252584972e-03 -5.935014339544266576e-03 -9.288831141255518564e-03 -1.260677691799231073e-02 -1.588905757531843682e-02 -1.913580239036931016e-02
3.705241143914001986e-03 2.485798179828625082e-04 -3.171132717737790326e-03 -6.554315494278852884e-03 -9.901294636975754848e-03 -1.321231064642746679e-02 -1.648752559449635086e-02 -1.972702918632873031e-02
3.070122574171542558e-03 -3.776761923996001247e-04 -3.788576821381572229e-03 -7.162941836214750148e-03 -1.050104525607946197e-02 -1.380307998279069540e-02 -1.706916477493543999e-02 -2.029935039358138002e-02
2.440400198741549814e-03 -9.965777291369871255e-04 -4.396691896398214651e-03 -7.760249015020425321e-03 -1.108747167896495696e-02 -1.437850591890876654e-02 -1.763342789330837879e-02 -2.085225018833935379e-02
1.816803029907290701e-03 -1.607433794603128213e-03 -4.994823938939918669e-03 -8.345619149589204172e-03 -1.165999149098721419e-02 -1.493804098572940400e-02 -1.817980210509305417e-02 -2.138525015932478748e-02
1.200037132388621051e-03 -2.209578044917912508e-03 -5.582345516829479229e-03 -8.918463065442038679e-03 -1.221805331931597946e-02 -1.548117129914635542e-02 -1.870781088716870488e-02 -2.189791115362686030e-02
5.907833123295815753e-04 -2.802371009987056870e-03 -6.158657886555872658e-03 -9.478222316437929368e-03 -1.276113874817474611e-02 -1.600741837431761405e-02 -1.921701573964476606e-02 -2.238983486880995882e-02
-1.030498928017084537e-05 -3.385202100583488936e-03 -6.723192898383012310e-03 -1.002437098408275051e-02 -1.328876400921287157e-02 -1.651634070219216294e-02 -1.970701764373375756e-02 -2.286066518557609145e-02
-6.026035953239578316e-04 -3.957491398434809932e-03 -7.275414686349878854e-03 -1.055641725060351734e-02 -1.380048144406402499e-02 -1.700753508474191211e-02 -2.017745827319887206e-02 -2.331008923804674116e-02
-1.185519278735505493e-03 -4.518691229191163471e-03 -7.814821139027122721e-03 -1.107390474567553941e-02 -1.429588073560543460e-02 -1.748063772901777349e-02 -2.062802095679232284e-02 -2.373783822236137653e-02
-1.758491231588518375e-03 -5.068287520748089928e-03 -8.340945147129382245e-03 -1.157641366933739174e-02 -1.477458990482920925e-02 -1.793532510293380927e-02 -2.105843138970525663e-02 -2.414368794727419359e-02
-2.320992315622657370e-03 -5.605800949154271864e-03 -8.853355626966367964e-03 -1.206356169372049120e-02 -1.523627607301817656e-02 -1.837131455615640535e-02 -2.146845809479586836e-02 -2.452745913133544051e-02
-2.872530097679236970e-03 -6.130787872162771213e-03 -9.351658323403368861e-03 -1.253500464447244479e-02 -1.568064599342663956e-02 -1.878836470817400045e-02 -2.185791263878311685e-02 -2.488901745040458802e-02
-3.412647677192318270e-03 -6.642841049395307312e-03 -9.835496399609608420e-03 -1.299043696188257463e-02 -1.610744636030170263e-02 -1.918627560499601425e-02 -2.222664961231536271e-02 -2.522827333888427379e-02
-3.940924312778103927e-03 -7.141590150480643315e-03 -1.030455082104917222e-02 -1.342959194401840799e-02 -1.651646390356815985e-02 -1.956488864818586165e-02 -2.257456638365223922e-02 -2.554518155031690330e-02
-4.456975851896817151e-03 -7.626702057667406401e-03 -1.075854053854059279e-02 -1.385224177907636196e-02 -1.690752527530677701e-02 -1.992408630465494074e-02 -2.290160263394770343e-02 -2.583974048758447273e-02
-4.960454965262858784e-03 -8.097880973722111630e-03 -1.119722247317441258e-02 -1.425819737837671387e-02 -1.728049673239581349e-02 -2.026379160983252103e-02 -2.320773968062470050e-02 -2.611199131715188221e-02
-5.451051189363195423e-03 -8.554868346262489362e-03 -1.162039130749613694e-02 -1.464730802199353324e-02 -1.763528362124729479e-02 -2.058396747763872534e-02 -2.349299959686163008e-02 -2.636201688285610273e-02
-5.928490785618183156e-03 -8.997442616461369391e-03 -1.202787909224094752e-02 -1.501946082621751291e-02 -1.797182967520965721e-02 -2.088461582828191054e-02 -2.375744413964031576e-02 -2.658994043270800772e-02
-6.392536429372670109e-03 -9.425418797137496280e-03 -1.241955468237565877e-02 -1.537458003940826018e-02 -1.829011613953279713e-02 -2.116577654252297519e-02 -2.400117350301425589e-02 -2.679592417001827598e-02
-6.842986742284140958e-03 -9.838647886234291526e-03 -1.279532301673203323e-02 -1.571262617373121034e-02 -1.859016073946717293e-02 -2.142752625192945529e-02 -2.422432491407123037e-02 -2.698016764096419773e-02
-7.279675678058523600e-03 -1.023701612636038205e-02 -1.315512425227237728e-02 -1.603359498465683694e-02 -1.887201650417259791e-02 -2.166997697874544285e-02 -2.442707108647136638e-02 -2.714290597454131065e-02
-7.702471767997218569e-03 -1.062044412545052816e-02 -1.349893276083723517e-02 -1.633751631425090986e-02 -1.913577045616631292e-02 -2.189327464293862324e-02 -2.460961854369005108e-02 -2.728440799456223476e-02
-8.111277233428467598e-03 -1.098888585386029355e-02 -1.382675599679718779e-02 -1.662445281460698393e-02 -1.938154217654229280e-02 -2.209759745435557060e-02 -2.477220582449392999e-02 -2.740497422374858077e-02
-8.506026976591156766e-03 -1.134232752953325506e-02 -1.413863324819620952e-02 -1.689449856439706465e-02 -1.960948226004299855e-02 -2.228315420478653094e-02 -2.491510158669084374e-02 -2.750493479702498592e-02
-8.886687465632921862e-03 -1.168078639938706365e-02 -1.443463428778312199e-02 -1.714777758826493276e-02 -1.981977067757813293e-02 -2.245018247166731887e-02 -2.503860262840965079e-02 -2.758464729815131300e-02
-9.253255529091761883e-03 -1.200430942561997449e-02 -1.471485794003652391e-02 -1.738444228927393809e-02 -2.001261506347754363e-02 -2.259894674551588684e-02 -2.514303184579974246e-02 -2.764449453403522092e-02
-9.605757070989207058e-03 -1.231297188983093878e-02 -1.497943057631095053e-02 -1.760467180846903706e-02 -2.018824894099418427e-02 -2.272973649668680318e-02 -2.522873614241345763e-02 -2.768488226414946365e-02
-9.944245713980962020e-03 -1.260687593130051937e-02 -1.522850454679823030e-02 -1.780867032873648115e-02 -2.034692989630957488e-02 -2.284286419980089550e-02 -2.529608430236640615e-02 -2.770623690488749347e-02
-1.026880137887413794e-02 -1.288614903468888323e-02 -1.546225655879402208e-02 -1.799666533899080614e-02 -2.048893771197844021e-02 -2.293866333295404084e-02 -2.534546483988676935e-02 -2.770900322728434700e-02
-1.057952881337038964e-02 -1.315094247761655621e-02 -1.568088601496448950e-02 -1.816890587011601998e-02 -2.061457247458489683e-02 -2.301748636433206818e-02 -2.537728384129659190e-02 -2.769364206211334320e-02
-1.087655608616320234e-02 -1.340142974493497598e-02 -1.588461332823376537e-02 -1.832566071060322960e-02 -2.072415267394349739e-02 -2.307970273547273188e-02 -2.539196281764104918e-02 -2.766062802300937526e-02
-1.116003306057001924e-02 -1.363780491779725303e-02 -1.607367822787895625e-02 -1.846721661103196618e-02 -2.081801330902859418e-02 -2.312569685146503851e-02 -2.538993658387431879e-02 -2.761044725910855729e-02
-1.143012985608150844e-02 -1.386028105052357698e-02 -1.624833806581259948e-02 -1.859387649106315765e-02 -2.089650401033599225e-02 -2.315586609251644654e-02 -2.537165117508932352e-02 -2.754359525241153669e-02
-1.168703530218844454e-02 -1.406908855126988087e-02 -1.640886612819063631e-02 -1.870595766527230475e-02 -2.095998718464575292e-02 -2.317061886359086248e-02 -2.533756180659521226e-02 -2.746057467694765913e-02
-1.193095539067614771e-02 -1.426447357971413407e-02 -1.655554995921880435e-02 -1.880379010124799688e-02 -2.100883618976370770e-02 -2.317037269578203773e-02 -2.528813088606977552e-02 -2.736189333359530934e-02
-1.216211173830666209e-02 -1.444669646832152064e-02 -1.668868970943006291e-02 -1.888771471686603518e-02 -2.104343355184937897e-02 -2.315555240664872449e-02 -2.522382609065612971e-02 -2.724806216800153627e-02
-1.238074007515598332e-02 -1.461603016942414866e-02 -1.680859652370513685e-02 -1.895808171945268655e-02 -2.106416924059123508e-02 -2.312658832260977917e-02 -2.514511852416088586e-02 -2.711959337492673983e-02
-1.258708877053785376e-02 -1.477275873251140959e-02 -1.691559098090182275e-02 -1.901524899158879914e-02 -2.107143901397143249e-02 -2.308391456838388908e-02 -2.505248096584852813e-02 -2.697699859403689115e-02
-1.278141740089405558e-02 -1.491717582234166825e-02 -1.701000158956525454e-02 -1.905958053418495973e-02 -2.106564283707951235e-02 -2.302796743397812415e-02 -2.494638621510677015e-02 -2.682078720731760971e-02
-1.296399535926637606e-02 -1.504958329189750796e-02 -1.709216333955984601e-02 -1.909144498055628456e-02 -2.104718337489133728e-02 -2.295918383251076625e-02 -2.482730553175440183e-02 -2.665146475072991197e-02
-1.313510050842870910e-02 -1.517028982048977508e-02 -1.716241631181788727e-02 -1.911121419144386907e-02 -2.101646456113949804e-02 -2.287799985828216712e-02 -2.469570717381166375e-02 -2.646953144874707869e-02
-1.329501788654997851e-02 -1.527960961936700168e-02 -1.722110435486861116e-02 -1.911926193312595348e-02 -2.097389025154780540e-02 -2.278484944680483557e-02 -2.455205504036554742e-02 -2.627548087277120636e-02
-1.344403847786657981e-02 -1.537786120240009109e-02 -1.726857384014567759e-02 -1.911596263606916632e-02 -2.091986297276510198e-02 -2.268016313386969629e-02 -2.439680742995770785e-02 -2.606979871982573888e-02
-1.358245805684762768e-02 -1.546536622208470602e-02 -1.730517250407323168e-02 -1.910169023410568032e-02 -2.085478277430292612e-02 -2.256436691311040910e-02 -2.423041592083912885e-02 -2.585296171014068306e-02
-1.371057610619923033e-02 -1.554244837785032779e-02 -1.733124837696350604e-02 -1.907681709055911862e-02 -2.077904618295573630e-02 -2.243788119766300729e-02 -2.405332437172277502e-02 -2.562543660808880297e-02
-1.382869480458225747e-02 -1.560943240679685956e-02 -1.734714879438327417e-02 -1.904171302065435847e-02 -2.069304525487515936e-02 -2.230111989421068239e-02 -2.386596803740280090e-02 -2.538767937342130410e-02
-1.393711808312394357e-02 -1.566664316258106412e-02 -1.735321948970475203e-02 -1.899674441517297876e-02 -2.059716672336662363e-02 -2.215448959335517692e-02 -2.366877279634981707e-02 -2.514013444540280640e-02
-1.403615075656886903e-02 -1.571440478032730403e-02 -1.734980377301780299e-02 -1.894227346264697187e-02 -2.049179124666165169e-02 -2.199838887272104887e-02 -2.346215449331003761e-02 -2.488323415505019898e-02
-1.412609773731809786e-02 -1.575303992191272318e-02 -1.733724180381739435e-02 -1.887865746391281796e-02 -2.037729276198980977e-02 -2.183320770579148806e-02 -2.324651840185842228e-02 -2.461739825730903386e-02
-1.420726333550105872e-02 -1.578286909986245656e-02 -1.731586995986138244e-02 -1.880624823656903977e-02 -2.025403794733124374e-02 -2.165932697301862359e-02 -2.302225880698691857e-02 -2.434303357839413817e-02
-1.427995064067811258e-02 -1.580421008441218467e-02 -1.728602029723612724e-02 -1.872539161292641544e-02 -2.012238578505243583e-02 -2.147711807756045449e-02 -2.278975870078894100e-02 -2.406053377911858068e-02
-1.434446097853451195e-02 -1.581737739940365650e-02 -1.724802009448394430e-02 -1.863642703604583353e-02 -1.998268721947270288e-02 -2.128694266890759218e-02 -2.254938958218662484e-02 -2.377027923586831973e-02
-1.440109344090894847e-02 -1.582268190675677894e-02 -1.720219147841975035e-02 -1.853968725266363915e-02 -1.983528490500708480e-02 -2.108915247199206339e-02 -2.230151135608298557e-02 -2.347263703534618884e-02
-1.445014449350308545e-02 -1.582043047237010128e-02 -1.714885113502585823e-02 -1.843549809510127563e-02 -1.968051304706924104e-02 -2.088408921285021813e-02 -2.204647233266799483e-02 -2.316796107286404893e-02
-1.449190766529997142e-02 -1.581092570568588471e-02 -1.708831010844281614e-02 -1.832417834364567788e-02 -1.951869733750836999e-02 -2.067208463131649937e-02 -2.178460932718115362e-02 -2.285659224339570139e-02
-1.452667331683860086e-02 -1.579446577103344601e-02 -1.702087368436374509e-02 -1.820603966656809264e-02 -1.935015497981924099e-02 -2.045346057672596182e-02 -2.151624785408250834e-02 -2.253885871996520393e-02
-1.455472847831395383e-02 -1.577134427407018633e-02 -1.694684134815292037e-02 -1.808138663995727605e-02 -1.917519479355649786e-02 -2.022852918745978237e-02 -2.124170240394503834e-02 -2.221507631867249838e-02
-1.457635674961371003e-02 -1.574185022469761636e-02 -1.686650680911053884e-02 -1.795051684762649646e-02 -1.899411738846208675e-02 -1.999759315328777584e-02 -2.096127679246971923e-02 -2.188554894784678490e-02
-1.459183826116231680e-02 -1.570626807040077094e-02 -1.678015808885118323e-02 -1.781372105413655399e-02 -1.880721540517706764e-02 -1.976094605245753283e-02 -2.067526457722575900e-02 -2.155056913203407670e-02
-1.460144969867301599e-02 -1.566487778907752620e-02 -1.668807767584099683e-02 -1.767128343924789791e-02 -1.861477382336432923e-02 -1.951887275091749446e-02 -2.038394954159501032e-02 -2.121041859713695965e-02
-1.460546439128775076e-02 -1.561795503332007867e-02 -1.659054274460272649e-02 -1.752348188495062714e-02 -1.841707033463713117e-02 -1.927164985385038803e-02 -2.008760624208191098e-02 -2.086536890579782783e-02
-1.460415245483628541e-02 -1.556577132510560124e-02 -1.648782543058385092e-02 -1.737058831302374512e-02 -1.821437577040425915e-02 -1.901954620634597332e-02 -1.978650060811174005e-02 -2.051568213865376938e-02
-1.459778097865109189e-02 -1.550859430249511284e-02 -1.638019314850549385e-02 -1.721286907364763530e-02 -1.800695457169585595e-02 -1.876282344257609175e-02 -1.948089058052870914e-02 -2.016161161961829706e-02
-1.458661424903987328e-02 -1.544668801479111980e-02 -1.626790894656387695e-02 -1.705058538060723328e-02 -1.779506529250184793e-02 -1.850173657801793686e-02 -1.917102677941955741e-02 -1.980340267871746884e-02
-1.457091400939083611e-02 -1.538031325532015353e-02 -1.615123189555037891e-02 -1.688399378157385763e-02 -1.757896113470698574e-02 -1.823653463246929785e-02 -1.885715319833184550e-02 -1.944129343945057847e-02
-1.455093975762712655e-02 -1.530972791981391468e-02 -1.603041751269168938e-02 -1.671334665084057286e-02 -1.735889051345965856e-02 -1.796746127057387288e-02 -1.853950792275163920e-02 -1.907551561672928345e-02
-1.452694907515457261e-02 -1.523518738441948482e-02 -1.590571821364606189e-02 -1.653889269782069654e-02 -1.713509764566577276e-02 -1.769475545241691247e-02 -1.821832386479081342e-02 -1.870629531722506692e-02
-1.449919797501330633e-02 -1.515694490331037821e-02 -1.577738377988537402e-02 -1.636087749044089212e-02 -1.690782314831516808e-02 -1.741865209249263136e-02 -1.789382950027238947e-02 -1.833385383964009074e-02
-1.446794125801901393e-02 -1.507525202445663196e-02 -1.564566182977921577e-02 -1.617954399123527898e-02 -1.667730463446968209e-02 -1.713938272411456507e-02 -1.756624959557854734e-02 -1.795840847130426854e-02
-1.443343287277406954e-02 -1.499035901479364025e-02 -1.551079828865228535e-02 -1.599513309687049939e-02 -1.644377730158297704e-02 -1.685717615952257720e-02 -1.723580591837275619e-02 -1.758017327093551116e-02
-1.439592627994047171e-02 -1.490251528129035198e-02 -1.537303785752213922e-02 -1.580788416728781329e-02 -1.620747451120800944e-02 -1.657225913157851088e-02 -1.690271793067650921e-02 -1.719935982322924606e-02
-1.435567481753392480e-02 -1.481196977775054748e-02 -1.523262447674002783e-02 -1.561803553394948939e-02 -1.596862835582834803e-02 -1.628485690624116231e-02 -1.656720345962247459e-02 -1.681617795424639183e-02
-1.431293205635955287e-02 -1.471897139447867452e-02 -1.508980177338501913e-02 -1.542582498386134947e-02 -1.572747020143025129e-02 -1.599519386209702354e-02 -1.622947933434393253e-02 -1.643083640357641609e-02
-1.426795213201922236e-02 -1.462376933039698061e-02 -1.494481347869829925e-02 -1.523149021850304582e-02 -1.548423119200899659e-02 -1.570349403570989871e-02 -1.588976197517126196e-02 -1.604354345177676916e-02
-1.422099004524319914e-02 -1.452661344176760932e-02 -1.479790380709722700e-02 -1.503526928157630782e-02 -1.523914270739687785e-02 -1.540998162653834172e-02 -1.554826792645661558e-02 -1.565450749678357761e-02
-1.417230192913717345e-02 -1.442775455475502067e-02 -1.464931779504812653e-02 -1.483740094281099306e-02 -1.499243677245774668e-02 -1.511488144873904607e-02 -1.520521433093604408e-02 -1.526393756677815912e-02
-1.412214528199347806e-02 -1.432744472887228365e-02 -1.449930159820401326e-02 -1.463812502494582328e-02 -1.474434641590431985e-02 -1.481841931712483441e-02 -1.486081934384074141e-02 -1.487204375701851530e-02
-1.407077915741813089e-02 -1.422593746503495946e-02 -1.434810273856860011e-02 -1.443768266760062265e-02 -1.449510597059176439e-02 -1.452082236106658382e-02 -1.451530247879149679e-02 -1.447903758459706709e-02
-1.401846429785511515e-02 -1.412348785744006741e-02 -1.419597028799468065e-02 -1.423631652719619008e-02 -1.424495130188524472e-02 -1.422231926553781806e-02 -1.416888487244881770e-02 -1.408513226045926894e-02
-1.396546319986557635e-02 -1.402035268615866442e-02 -1.404315497660472284e-02 -1.403427090990325143e-02 -1.399411995300287558e-02 -1.392314043645877415e-02 -1.382178945720502483e-02 -1.369054287611377353e-02
-1.391204010688859224e-02 -1.391679043997005177e-02 -1.388990922201308563e-02 -1.383179182749021477e-02 -1.374285120343465665e-02 -1.362351808063234741e-02 -1.347424103832207433e-02 -1.329548649581968611e-02
-1.385846092877386290e-02 -1.381306125539222274e-02 -1.373648707879064450e-02 -1.362912696252554026e-02 -1.349138604011554735e-02 -1.332368618728783233e-02 -1.312646627551450514e-02 -1.290018214188539888e-02
-1.380499308280233248e-02 -1.370942676234499641e-02 -1.358314410324567775e-02 -1.342652553384492478e-02 -1.323996703685906100e-02 -1.302388040267134575e-02 -1.277869356497488354e-02 -1.250485066510437573e-02
-1.375190524367365767e-02 -1.360614983402759839e-02 -1.343013712161766557e-02 -1.322423806026454263e-02 -1.298883813080669095e-02 -1.272433779613295693e-02 -1.243115281130600935e-02 -1.210971449929340582e-02
-1.369946698870188467e-02 -1.350349423985374754e-02 -1.327772388863803638e-02 -1.302251602187426763e-02 -1.273824428360162582e-02 -1.242529651757490194e-02 -1.208407507785105861e-02 -1.171499730037555906e-02
-1.364794833064083938e-02 -1.340172419425459879e-02 -1.312616262954757404e-02 -1.282161141243130797e-02 -1.248843102107745871e-02 -1.212699534053258629e-02 -1.173769210993379566e-02 -1.132092346505025188e-02
-1.359761913674981809e-02 -1.330110378815088298e-02 -1.297571146482594251e-02 -1.262177617058809521e-02 -1.223964385138606725e-02 -1.182967307955662233e-02 -1.139223573162811629e-02 -1.092771751865223052e-02
-1.354874843156888067e-02 -1.320189629120912742e-02 -1.282662771589473602e-02 -1.242326147904358226e-02 -1.199212756063808456e-02 -1.153356787194835878e-02 -1.104793711594047670e-02 -1.053560336320441895e-02
-1.350160357391579080e-02 -1.310436332014563998e-02 -1.267916708336855325e-02 -1.222631692779856463e-02 -1.174612537867295199e-02 -1.123891632093760445e-02 -1.070502592204499066e-02 -1.014480338363694598e-02
-1.345644929433689393e-02 -1.300876387296319783e-02 -1.253358268533090458e-02 -1.203118954235130912e-02 -1.150187800363547570e-02 -1.094595250206045756e-02 -1.036372928940079881e-02 -9.755537414826381468e-03
-1.341354658291788945e-02 -1.291535322589529473e-02 -1.239012394679530477e-02 -1.183812267475702930e-02 -1.125962247771638419e-02 -1.065490683175881678e-02 -1.002427068223922350e-02 -9.368021569527089365e-03
-1.337315142482025515e-02 -1.282438168311104618e-02 -1.224903533894322778e-02 -1.164735474899866383e-02 -1.101959091379464857e-02 -1.036600479096698446e-02 -9.686868585237208909e-03 -8.982466921197727189e-03
-1.333551338364583928e-02 -1.273609316736896979e-02 -1.211055496955622431e-02 -1.145911785038028659e-02 -1.078200907561996207e-02 -1.007946549479993292e-02 -9.351735054148133802e-03 -8.599078034145212282e-03
-1.330087402801579527e-02 -1.265072364554759889e-02 -1.197491302158711600e-02 -1.127363615436551350e-02 -1.054709480991498742e-02 -9.795500105131605198e-03 -9.019074121087360812e-03 -8.218051339021037460e-03
-1.326946519082030686e-02 -1.256849939018889542e-02 -1.184233003113666256e-02 -1.109112419747237260e-02 -1.031505632329972853e-02 -9.514310089992253014e-03 -8.689080048867951420e-03 -7.839573358794756780e-03
-1.324150705123858240e-02 -1.248963507923601945e-02 -1.171301499683257905e-02 -1.091178499398854675e-02 -1.008609029773060127e-02 -9.236085334955044385e-03 -8.361935429595008032e-03 -7.463818791642487342e-03
-1.321720603699613576e-02 -1.241433173086846885e-02 -1.158716331996109163e-02 -1.073580799721290946e-02 -9.860379845438938320e-03 -8.961002106805560086e-03 -8.037809129935085187e-03 -7.090948452466605545e-03
-1.319675255099019354e-02 -1.234277446618884527e-02 -1.146495458136181922e-02 -1.056336689994129795e-02 -9.638092310980594588e-03 -8.689220865922251541e-03 -7.716854092050764134e-03 -6.721107070994559660e-03
-1.318031852610124580e-02 -1.227513009575405614e-02 -1.134655016090619847e-02 -1.039461727216601031e-02 -9.419376927898839499e-03 -8.420883927018167625e-03 -7.399204999139557051e-03 -6.354420947573630185e-03
-1.316805480691653901e-02 -1.221154453447020893e-02 -1.123209070046430474e-02 -1.022969404240589054e-02 -9.204362332709679906e-03 -8.156112976231529726e-03 -7.084975809809605091e-03 -5.990995475985250174e-03
-1.316008835518603370e-02 -1.215214005537776712e-02 -1.112169340942419093e-02 -1.006870883505545967e-02 -8.993153937101991749e-03 -7.895006458436258992e-03 -6.774257163708531648e-03 -5.630912548392008957e-03
-1.315651928154526126e-02 -1.209701239197466874e-02 -1.101544921747652124e-02 -9.911747175283733974e-03 -8.785831164770807264e-03 -7.637636847787597667e-03 -6.467113666195372333e-03 -5.274227856655273015e-03
-1.315741771539022907e-02 -1.204622769497717787e-02 -1.091341978859432064e-02 -9.758865569268113799e-03 -8.582444568335624926e-03 -7.384047810723751507e-03 -6.163581068676214463e-03 -4.920968100425138214e-03
-1.316282053019743499e-02 -1.199981935040101040e-02 -1.081563441544380888e-02 -9.610088468375998713e-03 -8.383012846950697525e-03 -7.134251271296259203e-03 -5.863663366208793186e-03 -4.571128112874536797e-03
-1.317272794070119615e-02 -1.195778467395481638e-02 -1.072208681249603619e-02 -9.465405133721332270e-03 -8.187519784101811998e-03 -6.888224396197816825e-03 -5.567329832724321123e-03 -4.224667922151269066e-03
-1.318709998664358007e-02 -1.192008150663513392e-02 -1.063273182419573540e-02 -9.324766427070595859e-03 -7.995911122926076947e-03 -6.645906526044987120e-03 -5.274512011811095802e-03 -3.881509775484405858e-03
-1.320585292217612942e-02 -1.188662474128503697e-02 -1.054748206847987840e-02 -9.188081558614358615e-03 -7.808091399876234198e-03 -6.407196083680863873e-03 -4.985100684080961270e-03 -3.541535156817329690e-03
-1.322885554083940915e-02 -1.185728280928640549e-02 -1.046620454618303435e-02 -9.055214821145438769e-03 -7.623920767196283241e-03 -6.171947488927953356e-03 -4.698942841245236889e-03 -3.204581827220221758e-03
-1.325592547697524229e-02 -1.183187415684770413e-02 -1.038871725710989284e-02 -8.925982339910166694e-03 -7.443211844267322644e-03 -5.939968108427975263e-03 -4.415838706067640174e-03 -2.870440916148632796e-03
-1.328682552942658107e-02 -1.181016374743612714e-02 -1.031478586785130290e-02 -8.800148873655459433e-03 -7.265726641528472834e-03 -5.711015274734096425e-03 -4.135538840495786919e-03 -2.538854096589674737e-03
-1.332126005358790465e-02 -1.179185963958999210e-02 -1.024412047581452039e-02 -8.677424714045985088e-03 -7.091173599353232937e-03 -5.484793419594844940e-03 -3.857741382415021559e-03 -2.209510887277525357e-03
-1.335887147022413179e-02 -1.177660970061711679e-02 -1.017637251522512248e-02 -8.557462740761193759e-03 -6.919204784646838802e-03 -5.260951375590969606e-03 -3.582089451199364869e-03 -1.882046133792498847e-03
-1.339923694904787861e-02 -1.176399852126752167e-02 -1.011113185905748377e-02 -8.439855692972175749e-03 -6.749413294983521230e-03 -5.039079902795953574e-03 -3.308168768492053199e-03 -1.556037722383663002e-03
-1.344186533954432571e-02 -1.175354459634747953e-02 -1.004792418368940024e-02 -8.324133716495457636e-03 -6.581330931628378428e-03 -4.818709494825738557e-03 -3.035505551309710531e-03 -1.231004577657529402e-03
-1.348619443368773152e-02 -1.174469783827421926e-02 -9.986208673374699640e-03 -8.209762246481705494e-03 -6.414426211705576662e-03 -4.599308518243458432e-03 -2.763564742674883869e-03 -9.064049945325444030e-04
-1.353158865023582590e-02 -1.173683749900764940e-02 -9.925376144691737401e-03 -8.096140292269956434e-03 -6.248102791446909915e-03 -4.380281745029083323e-03 -2.491748645999182759e-03 -5.816353603510966697e-04
-1.357733723046524246e-02 -1.172927058786899998e-02 -9.864747669171058941e-03 -7.982599201284221874e-03 -6.081698369158501476e-03 -4.160969347055860218e-03 -2.219396025667053768e-03 -2.560293322015584280e-04
-1.362265303670393522e-02 -1.172123088159168422e-02 -9.803573771570428530e-03 -7.868401985793258349e-03 -5.914484134515978452e-03 -3.940646427567875108e-03 -1.945781734020897175e-03 7.114245917792545032e-05
-1.366667205122385972e-02 -1.171187862444043534e-02 -9.741034285169090576e-03 -7.752743295949979241e-03 -5.745664833551858766e-03 -3.718523163596169651e-03 -1.670116927815334246e-03 4.006721078762386784e-04
-1.370845368114188834e-02 -1.170030101238206735e-02 -9.676238951214517076e-03 -7.634750116932193138e-03 -5.574379523546462226e-03 -3.493745627362024667e-03 -1.391549942644614880e-03 7.334134671726265722e-04
-1.374698197901199140e-02 -1.168551355115391918e-02 -9.608228851441864837e-03 -7.513483262419836349e-03 -5.399703093231112555e-03 -3.265397349418656947e-03 -1.109167896224451735e-03 1.070280456418162655e-03
-1.378116788562537554e-02 -1.166646237593521769e-02 -9.535978757303553710e-03 -7.387939733593751335e-03 -5.220648618307916627e-03 -3.032501684283393784e-03 -8.219990879565451658e-04 1.412244575819592528e-03
-1.380985259285729891e-02 -1.164202761753106719e-02 -9.458400469163135912e-03 -7.257056009816765900e-03 -5.036170612486468197e-03 -2.794025038324792886e-03 -5.290162553502611095e-04 1.760331560967112567e-03
-1.383181211371949798e-02 -1.161102789209306207e-02 -9.374347207078161798e-03 -7.119712329870311884e-03 -4.845169224253875750e-03 -2.548881015523600871e-03 -2.291407422257783072e-04 2.115617107102496335e-03
-1.384576313482221988e-02 -1.157222597686806062e-02 -9.282619103098377691e-03 -6.974738009654877016e-03 -4.646495421008488974e-03 -2.295935528182349236e-03 7.875236887842050615e-05 2.479221594024414929e-03
-1.385037021043738874e-02 -1.152433571546934016e-02 -9.181969830799885379e-03 -6.820917826141984809e-03 -4.438957192865369827e-03 -2.034012909563395928e-03 3.958281088470502751e-04 2.852303743006958520e-03
-1.384425433442065465e-02 -1.146603017530233720e-02 -9.071114388419372968e-03 -6.656999481244005833e-03 -4.221326795913651897e-03 -1.761903057417560717e-03 7.232844096006704748e-04 3.236053133088101323e-03
-1.382600289686398455e-02 -1.139595105670011127e-02 -8.948738028104686465e-03 -6.481702143383671899e-03 -3.992349039787935171e-03 -1.478369632202200523e-03 1.062343780323323633e-03 3.631681494351401279e-03
-1.379418099962578977e-02 -1.131271932529726888e-02 -8.813506299013691009e-03 -6.293726046650478974e-03 -3.750750610962060201e-03 -1.182159329572664633e-03 1.414243823632459034e-03 4.040412682089126670e-03
-1.374734407077988357e-02 -1.121494700506901754e-02 -8.664076148875866218e-03 -6.091763106577105687e-03 -3.495250414308379364e-03 -8.720122426044826444e-04 1.780226533714242276e-03 4.463471219043450150e-03
-1.368405168079668555e-02 -1.110125003234625936e-02 -8.499108006217889061e-03 -5.874508490885855909e-03 -3.224570910763341000e-03 -5.466733281667256888e-04 2.161526301833346930e-03 4.902069270858552819e-03
-1.360288241970981915e-02 -1.097026203635164884e-02 -8.317278741071552212e-03 -5.640673068497124333e-03 -2.937450425966516704e-03 -2.049049992457223010e-04 2.559356533399253196e-03 5.357391888155756815e-03
-1.350244964479341975e-02 -1.082064888235820949e-02 -8.117295375814412642e-03 -5.388996653912379170e-03 -2.632656403452182832e-03 1.544991161647095781e-04 2.974894756025692200e-03 5.830580305983408887e-03
-1.338141785808769253e-02 -1.065112378787093361e-02 -7.897909395215181594e-03 -5.118261965351227592e-03 -2.308999580960484528e-03 5.326991807156249495e-04 3.409266067287435378e-03 6.322713042972383235e-03
-1.323851943054079466e-02 -1.046046279719533428e-02 -7.657931493239292058e-03 -4.827309220357094664e-03 -1.965349086036532848e-03 9.307928162477704936e-04 3.863524731240446791e-03 6.834784499137441446e-03
-1.307257135925863137e-02 -1.024752037642676084e-02 -7.396246597707873197e-03 -4.515051301780951751e-03 -1.600648479648954757e-03 1.349797299710674484e-03 4.338633687302067415e-03 7.367680726165268257e-03
-1.288249172531363146e-02 -1.001124487658240636e-02 -7.111829030417121146e-03 -4.180489445176004473e-03 -1.213932819366497426e-03 1.790630116383844922e-03 4.835441697124973418e-03 7.922152053195560817e-03
-1.266731550884693004e-02 -9.750693616881194944e-03 -6.803757684968657002e-03 -3.822729431933787753e-03 -8.043468572932121682e-04 2.254087667274464954e-03 5.354657847736228951e-03 8.498782319763713636e-03
-1.242620941738597010e-02 -9.465047368002190223e-03 -6.471231135593753271e-03 -3.440998321305608655e-03 -3.711645231865810801e-04 2.740821908227211376e-03 5.896823182586788392e-03 9.097954640123740583e-03
-1.215848540081482243e-02 -9.153624063554677975e-03 -6.113582631056532768e-03 -3.034661809223815690e-03 8.619013837374983611e-05 3.251314720563986890e-03 6.462279384273706198e-03 9.719813969716705263e-03
-1.186361257271609237e-02 -8.815891629387909156e-03 -5.730294981767699615e-03 -2.603242345127734086e-03 5.681204196315873742e-04 3.785849920427724474e-03 7.051134736008521191e-03 1.036422735852887342e-02
-1.154122733710676724e-02 -8.451479888696962831e-03 -5.321015410679821867e-03 -2.146438149244948509e-03 1.074832702994596954e-03 4.344483061776076988e-03 7.663228117692602419e-03 1.103074376190193127e-02
-1.119114162559789287e-02 -8.060191573704860932e-03 -4.885570490859659012e-03 -1.664143229162152668e-03 1.606310606060797584e-03 4.927009641050535994e-03 8.298092641318477458e-03 1.171855673015053528e-02
-1.081334926855886946e-02 -7.642012547743687323e-03 -4.423981304264443942e-03 -1.156468365070087781e-03 2.162287959780587188e-03 5.532933043836873663e-03 8.954921795204800680e-03 1.242647526003856813e-02
-1.040803063930273269e-02 -7.197121399375555964e-03 -3.936478889853184393e-03 -6.237627702911459002e-04 2.742221662856331871e-03 6.161434662147042413e-03 9.632542704534041364e-03 1.315291050457630811e-02
-9.975555808184915357e-03 -6.725898580393099152e-03 -3.423519863488466361e-03 -6.663567151783504616e-05 3.345266377545601071e-03 6.811350111455747279e-03 1.032940328618557786e-02 1.389588865385001787e-02
-9.516486505818932962e-03 -6.228935175115381945e-03 -2.885801740031157352e-03 5.140236821447397367e-04 3.970254319867397644e-03 7.481157375596998380e-03 1.104358246668453968e-02 1.465310258246006053e-02
-9.031577191373313732e-03 -5.707041156062820156e-03 -2.324276915067108144e-03 1.117030137477784124e-03 4.615685040366673993e-03 8.168984849597694942e-03 1.177283478209615805e-02 1.542201591734755108e-02
-8.521775407159455987e-03 -5.161252550125464134e-03 -1.740163416723015770e-03 1.740894839087380082e-03 5.279731974085216314e-03 8.872649260872059879e-03 1.251468182405806630e-02 1.620003180023103090e-02
-7.988221318451617717e-03 -4.592836268847409927e-03 -1.134949391581953175e-03 2.383831118045157300e-03 5.960274373720930718e-03 9.589734681697631435e-03 1.326656208990802110e-02 1.698473347855494059e-02
-7.432245836558358694e-03 -4.003290426031567290e-03 -5.103868871624891307e-04 3.043781336338527085e-03 6.654964513512982328e-03 1.031772339689410352e-02 1.402604666548731838e-02 1.777419395895239035e-02
-6.855365975563037020e-03 -3.394336798034913727e-03 1.315310010086001569e-04 3.718473233610599532e-03 7.361340011712879869e-03 1.105418622690381922e-02 1.479111986731935884e-02 1.856733723591120697e-02
-6.259275112233265125e-03 -2.767900779166243899e-03 7.886168179399976469e-04 4.405514607692510159e-03 8.076988866737895220e-03 1.179703314271033851e-02 1.556051128641418313e-02 1.936431556051856212e-02
-5.645824679246119228e-03 -2.126072970768477441e-03 1.458567027417175324e-03 5.102533702871416693e-03 8.799769508212824942e-03 1.254481432784691937e-02 1.633404969463538373e-02 2.016684922229302138e-02
-5.016992684794050091e-03 -1.471045790616553814e-03 2.139078851872243739e-03 5.807368735123200412e-03 9.528079419979474871e-03 1.329704796929690770e-02 1.711299272657382242e-02 2.097846235952442392e-02
-4.374833587181028473e-03 -8.050187058200571413e-04 2.828009879670889334e-03 6.518303081051482831e-03 1.026115411322635514e-02 1.405453610473409408e-02 1.790027335638939843e-02 2.180454585026025960e-02
-3.721403847047625481e-03 -1.300674412226766538e-04 3.523579414771112195e-03 7.234332942960105400e-03 1.099936497696574894e-02 1.481961728420387939e-02 1.870059980794327309e-02 2.265219050024426528e-02
-3.058658396861958784e-03 5.520237303002035675e-04 4.224602799838324957e-03 7.955442846745569563e-03 1.174447256914815281e-02 1.559629883714873551e-02 1.952035366965437432e-02 2.352976139066293229e-02
-2.388315751677175594e-03 1.239961572100285042e-03 4.930740341848059705e-03 8.682853241709616657e-03 1.249978479360086200e-02 1.639021595869295800e-02 2.036725306460020202e-02 2.444622371091823357e-02
-1.711693802188002031e-03 1.933162520580072527e-03 5.642732525877667930e-03 9.419196669923503296e-03 1.327017060687273910e-02 1.720838153094420703e-02 2.124978137036611509e-02 2.541027374021503221e-02
-1.029524378490099916e-03 2.631968955188131870e-03 6.362585208558153849e-03 1.016857754174736034e-02 1.406189159202255422e-02 1.805871835343929657e-02 2.217642092278754654e-02 2.642936564347521736e-02
-3.417618222499342606e-04 3.337833972110567510e-03 7.093665077749593956e-03 1.093647778718062451e-02 1.488223568219398767e-02 1.894939959739153773e-02 2.315476663241656033e-02 2.750874612918722401e-02
3.525921512865628007e-04 4.053440857201193008e-03 7.840669112374241620e-03 1.172948706141504344e-02 1.573896632299810749e-02 1.988805659287330718e-02 2.419061787226691254e-02 2.865060960560549680e-02
1.055619746519013101e-03 4.782723897508963859e-03 8.609443117254481775e-03 1.255485986829608588e-02 1.663963072904372370e-02 2.088093773120399538e-02 2.528715269734660084e-02 2.985346698670269736e-02
1.770545271851848429e-03 5.530764080793710777e-03 9.406642805400758020e-03 1.341992870886069868e-02 1.759079585477327928e-02 2.193211244072943225e-02 2.644427563888317526e-02 3.111178792488222128e-02
2.501694236719432737e-03 6.303546593369380689e-03 1.023925348474253108e-02 1.433142656229857183e-02 1.859729446013003856e-02 2.304280782370386402e-02 2.765820320754126121e-02 3.241593817881142925e-02
3.254336197347886331e-03 7.107585142885800011e-03 1.111400679637203869e-02 1.529478823871235210e-02 1.966156320631622101e-02 2.421094500127745838e-02 2.892131740035651030e-02 3.375239990184946554e-02
4.034407785843047156e-03 7.949437819592432286e-03 1.203675037108750331e-02 1.631350480773479869e-02 2.078314078708712320e-02 2.543091331736070312e-02 3.022228505392505690e-02 3.510423853922438331e-02
4.848128668637246425e-03 8.835156517978984617e-03 1.301183491906939514e-02 1.738859773554738558e-02 2.195837074658860480e-02 2.669359041794820350e-02 3.154641584855425590e-02 3.645176711473723657e-02
5.701539188613626713e-03 9.769723218640301299e-03 1.404158144727817546e-02 1.851826193094561687e-02 2.318032674438656737e-02 2.798659090629298032e-02 3.287621661246469679e-02 3.777335472741602529e-02
6.600000930948245539e-03 1.075652936467590311e-02 1.512587987890689351e-02 1.969770411569016569e-02 2.443895333402559822e-02 2.929470913090677364e-02 3.419209333956952507e-02 3.904632713139762762e-02
7.547707868418246022e-03 1.179694882682765650e-02 1.626195237764248638e-02 2.091917988677029563e-02 2.572139674454412481e-02 3.060051297322163161e-02 3.547315199917547290e-02 4.024790976602523468e-02
8.547254916347233125e-03 1.289004220001871079e-02 1.744429432361316659e-02 2.217221366132988286e-02 2.701248906765436192e-02 3.188504328516827274e-02 3.669805148041049847e-02 4.135616561677137037e-02
9.599303145820463345e-03 1.403241346207828241e-02 1.866478712776053345e-02 2.344397259991512841e-02 2.829534478053054650e-02 3.312857506644129729e-02 3.784586463818209734e-02 4.235088174722716203e-02
1.070236847502937724e-02 1.521822281747939667e-02 1.991296265200104276e-02 2.471975875654162588e-02 2.955202855483902991e-02 3.431139921613447774e-02 3.889690568082451033e-02 4.321436037456083401e-02
1.185274607798944731e-02 1.643934475188342514e-02 2.117638998476871828e-02 2.598358181591077509e-02 3.076425560027477857e-02 3.541458654277651608e-02 3.983348455350662481e-02 4.393207435659036986e-02
1.304456871126948546e-02 1.768564965459151067e-02 2.244115128138042883e-02 2.721877601282882142e-02 3.191408885080396912e-02 3.642069858744975686e-02 4.064055250260537738e-02 4.449315384230347059e-02
1.426998569530445182e-02 1.894538122035888117e-02 2.369237303245577686e-02 2.840862759581610358e-02 3.298460054268146507e-02 3.731441325091881811e-02 4.130620845851234318e-02 4.489068075810737080e-02
1.551944143059369625e-02 2.020559960015495121e-02 2.491478103147829956e-02 2.953698255650128932e-02 3.396046926483979600e-02 3.808303782182337338e-02 4.182204353086742959e-02 4.512178018563713089e-02
1.678202814325868361e-02 2.145266083103933297e-02 2.609325036999296521e-02 3.058880799958406740e-02 3.482848774500540284e-02 3.871688807806884791e-02 4.218331050404952598e-02 4.518751146146046671e-02
1.804588643166090897e-02 2.267270535245088231e-02 2.721332538952516908e-02 3.155068454648542881e-02 3.557796171498191218e-02 3.920951958185809466e-02 4.238891608418909190e-02 4.509257565685212410e-02
1.929862824847888153e-02 2.385213162671280182e-02 2.826168844935477570e-02 3.241121168044234363e-02 3.620098615518463347e-02 3.955780571447528593e-02 4.244124489103984904e-02 4.484486855858535459e-02
2.052775938469678443e-02 2.497803458771491111e-02 2.922656058923652975e-02 3.316131294891010856e-02 3.669259180344740245e-02 3.976186584323284506e-02 4.234583482559899081e-02 4.445491803274825848e-02
2.172108173573262385e-02 2.603859263305028510e-02 3.009802162595186237e-02 3.379443327263301905e-02 3.705076166988376801e-02 3.982485565776881786e-02 4.211093249353425189e-02 4.393525063603950787e-02
2.286705926709608344e-02 2.702339101499380211e-02 3.086824178448019373e-02 3.430662601414802282e-02 3.727632405632735901e-02 3.975263951143614971e-02 4.174696393430601254e-02 4.329973391450601256e-02
2.395513543372713994e-02 2.792367361709649498e-02 3.153162142721734063e-02 3.469653268501072391e-02 3.737273487389470433e-02 3.955337091894024770e-02 4.126595931894888603e-02 4.256293796417701808e-02
2.497599365440507369e-02 2.873251903542001912e-02 3.208483961397942674e-02 3.496526302875646586e-02 3.734576751789361188e-02 3.923701162069567067e-02 4.068097020423247501e-02 4.173955311766507775e-02
2.592175610013068565e-02 2.944494043634838382e-02 3.252681597334285829e-02 3.511618755164033767e-02 3.720313281512137304e-02 3.881482140759485305e-02 4.000551447884462264e-02 4.084389118503479327e-02
2.678611932759730058e-02 3.005791171805178436e-02 3.285859364120105597e-02 3.515465822336946017e-02 3.695405424540895711e-02 3.829885003703235175e-02 3.925307787626241413e-02 3.988948693256672701e-02
2.756442803035692377e-02 3.057032502887176151e-02 3.308315381596627774e-02 3.508767583670677898e-02 3.660882449015105677e-02 3.770145920883415797e-02 3.843669279128397731e-02 3.888880586578922355e-02
2.825369033192371218e-02 3.098288673764360013e-02 3.320517476934584794e-02 3.492352418031292871e-02 3.617836827811875960e-02 3.703489717643385776e-02 3.756860624153182671e-02 3.785305510063322748e-02
2.885253963939688263e-02 3.129796058788422708e-02 3.323074986423381338e-02 3.467139156349566959e-02 3.567383360548041782e-02 3.631094186552075859e-02 3.666004025638391201e-02 3.679208697335006190e-02
2.936114921312575968e-02 3.151936806429583154e-02 3.316708014620409206e-02 3.434099925846245682e-02 3.510622904827548352e-02 3.554062120611285736e-02 3.572104064274809337e-02 3.571438041893385679e-02
2.978110641431547939e-02 3.165215696758411079e-02 3.302215726489858560e-02 3.394225416722223415e-02 3.448611958418541096e-02 3.473401257439436701e-02 3.476040454257095513e-02 3.462708298607415636e-02
3.011525418018000388e-02 3.170234978194205744e-02 3.280445176888981129e-02 3.348493970353768473e-02 3.382338771070287492e-02 3.390011744722028209e-02 3.378567368916646219e-02 3.353609628671953835e-02
3.036750770985572473e-02 3.167668354106058237e-02 3.252262021892976529e-02 3.297845485846991054e-02 3.312706129116956000e-02 3.304680301311764545e-02 3.280317871078199804e-02 3.244618915338191162e-02
3.054265462677215048e-02 3.158235247281827862e-02 3.218524220447229606e-02 3.243160711634467119e-02 3.240520497289003932e-02 3.218079971807336070e-02 3.181811991661824546e-02 3.136112520517651131e-02
3.064614696478128175e-02 3.142676369963368077e-02 3.180059544443340769e-02 3.185246073723674992e-02 3.166486852456257967e-02 3.130774248605577847e-02 3.083467130010491067e-02 3.028379437098993252e-02
3.068389313283057668e-02 3.121731473339717927e-02 3.137647398214064853e-02 3.124823829274709155e-02 3.091208316440190521e-02 3.043224341244787218e-02 2.985609654057168674e-02 2.921634076992740692e-02
3.066205748691468516e-02 3.096119954370878807e-02 3.092005134160068225e-02 3.062527049286135200e-02 3.015189585760439175e-02 2.955798475731296129e-02 2.888486815640074062e-02 2.816028192424688270e-02
3.058687426147911961e-02 3.066524775931624841e-02 3.043778766931419869e-02 2.998898739700132238e-02 2.938843149117767103e-02 2.868782270861493233e-02 2.792278333215243713e-02 2.711661641983627649e-02
3.046448142020379696e-02 3.033579927403363269e-02 2.993537755334720746e-02 2.934394305901706981e-02 2.862497355167803112e-02 2.782389431304569533e-02 2.697107208823515054e-02 2.608591877567815326e-02
3.030077855669901371e-02 2.997861435929739110e-02 2.941773351283864454e-02 2.869386541451628136e-02 2.786405517467089102e-02 2.696772191948239653e-02 2.603049526013150039e-02 2.506842145392722959e-02
3.010131141566765173e-02 2.959881750103037640e-02 2.888899911792087993e-02 2.804172362142391337e-02 2.710755395039298604e-02 2.612031126558473845e-02 2.510143115610481701e-02 2.406408470264659316e-02
