1.039481686723980891e-02
7.906779651060569236e-03
5.436205174180031019e-03
2.983347032973870938e-03
5.484567704048259884e-04
-1.868216170866493497e-03
-4.266424495067283607e-03
-6.645923099580230975e-03
-9.006469120876492429e-03
-1.134782198010028664e-02
-1.366974342828758404e-02
-1.597199759120740414e-02
-1.825435101380562530e-02
-2.051657270424128710e-02
-2.275843417749631725e-02
-2.497970949854655398e-02
-2.718017532507732703e-02
-2.935961094973035812e-02
-3.151779834186599349e-02
-3.365452218882711288e-02
-3.576956993668989337e-02
-3.786273183048788349e-02
-3.993380095389345574e-02
-4.198257326834542447e-02
-4.400884765160573142e-02
-4.601242593573409700e-02
-4.799311294446648168e-02
-4.995071652998248068e-02
-5.188504760905085500e-02
-5.379592019853896012e-02
-5.568315145027227797e-02
-5.754656168523447635e-02
-5.938597442709248053e-02
-6.120121643503612097e-02
-6.299211773592061636e-02
-6.475851165569904144e-02
-6.650023485013478730e-02
-6.821712733478163537e-02
-6.990903251422181386e-02
-7.157579721054982413e-02
-7.321727169109365496e-02
-7.483330969536067245e-02
-7.642376846120230161e-02
-7.798850875018306650e-02
-7.952739487214963154e-02
-8.104029470898724274e-02
-8.252707973755751825e-02
-8.398762505180717985e-02
-8.542180938404220214e-02
-8.682951512535727612e-02
-8.821062834521534168e-02
-8.956503881016869562e-02
-9.089264000171631830e-02
-9.219332913328992518e-02
-9.346700716636430206e-02
-9.471357882568409714e-02
-9.593295261360509918e-02
-9.712504082354200818e-02
-9.828975955251917362e-02
-9.942702871282232957e-02
-1.005367720427432221e-01
-1.016189171164181837e-01
-1.026733953527546039e-01
-1.037001420234441584e-01
-1.046990962600597708e-01
-1.056702010602345310e-01
-1.066134032929217934e-01
-1.075286537027340117e-01
-1.084159069133602271e-01
-1.092751214300629048e-01
-1.101062596412510641e-01
-1.109092878191336451e-01
-1.116841761194514726e-01
-1.124308985802901228e-01
-1.131494331199740522e-01
-1.138397615340452917e-01
-1.145018694913275126e-01
-1.151357465290797633e-01
-1.157413860472404632e-01
-1.163187853017686735e-01
-1.168679453970812299e-01
-1.173888712775957299e-01
-1.178815717183790135e-01
-1.183460593149078810e-01
-1.187823504719484335e-01
-1.191904653915573931e-01
-1.195704280602114256e-01
-1.199222662350734048e-01
-1.202460114293985305e-01
-1.205416988970893777e-01
-1.208093676164070096e-01
-1.210490602728447329e-01
-1.212608232411734044e-01
-1.214447065666653947e-01
-1.216007639455077838e-01
-1.217290527044095350e-01
-1.218296337794175510e-01
-1.219025716939454718e-01
-1.219479345360281464e-01
-1.219657939348112174e-01
-1.219562250362849209e-01
-1.219193064782741476e-01
-1.218551203646946191e-01
-1.217637522390861982e-01
-1.216452910574355173e-01
-1.214998291602975566e-01
-1.213274622442309658e-01
-1.211282893325553722e-01
-1.209024127454465247e-01
-1.206499380693786261e-01
-1.203709741259289812e-01
-1.200656329399558686e-01
-1.197340297071639026e-01
-1.193762827610689858e-01
-1.189925135393776201e-01
-1.185828465497930639e-01
-1.181474093352611887e-01
-1.176863324386732135e-01
-1.171997493670344781e-01
-1.166877965551177398e-01
-1.161506133286122344e-01
-1.155883418667849050e-01
-1.150011271646665389e-01
-1.143891169947782727e-01
-1.137524618684140065e-01
-1.130913149964902775e-01
-1.124058322499827955e-01
-1.116961721199609681e-01
-1.109624956772367610e-01
-1.102049665316424398e-01
-1.094237507909538443e-01
-1.086190170194704652e-01
-1.077909361962719470e-01
-1.069396816731627287e-01
-1.060654291323216425e-01
-1.051683565436701273e-01
-1.042486441219763749e-01
-1.033064742837077610e-01
-1.023420316036488531e-01
-1.013555027712993994e-01
-1.003470765470648451e-01
-9.931694371825960932e-02
-9.826529705493231015e-02
-9.719233126553133983e-02
-9.609824295242458403e-02
-9.498323056728696923e-02
-9.384749436637265796e-02
-9.269123636568321611e-02
-9.151466029604982122e-02
-9.031797155814119682e-02
-8.910137717741112295e-02
-8.786508575900295326e-02
-8.660930744262113068e-02
-8.533425385738591107e-02
-8.404013807668445080e-02
-8.272717457303130351e-02
-8.139557917295248135e-02
-8.004556901190648666e-02
-7.867736248925377707e-02
-7.729117922328979096e-02
-7.588724000635421740e-02
-7.446576676002539252e-02
-7.302698249041850165e-02
-7.157111124359477605e-02
-7.009837806109514569e-02
-6.860900893561205915e-02
-6.710323076680901888e-02
-6.558127131729935000e-02
-6.404335916879833057e-02
-6.248972367845473386e-02
-6.092059493537893555e-02
-5.933620371737285959e-02
-5.773678144787483535e-02
-5.612256015313049629e-02
-5.449377241959665885e-02
-5.285065135159128236e-02
-5.119343052919789194e-02
-4.952234396643234726e-02
-4.783762606968422482e-02
-4.613951159643930877e-02
-4.442823561429215529e-02
-4.270403346025897218e-02
-4.096714070039700339e-02
-3.921779308973938338e-02
-3.745622653255348267e-02
-3.568267704293021092e-02
-3.389738070571002293e-02
-3.210057363775664641e-02
-3.029249194957978064e-02
-2.847337170731886746e-02
-2.664344889509107084e-02
-2.480295937770959913e-02
-2.295213886378075219e-02
-2.109122286918230227e-02
-1.922044668093111919e-02
-1.734004532144337030e-02
-1.545025351319334606e-02
-1.355130564377621250e-02
-1.164343573137757715e-02
-9.726877390654697919e-03
-7.801863799034858271e-03
-5.868627663432463004e-03
-3.927401187390100468e-03
-1.978416038646180208e-03
-2.190331713286530757e-05
1.941906476593868724e-03
3.912783472488134962e-03
5.890498461709192668e-03
7.874822926878077833e-03
9.865529071889922452e-03
1.186238985128246215e-02
1.386517899916023255e-02
1.587367105766826492e-02
1.788764140502016597e-02
1.990686628307489214e-02
2.193112282446349481e-02
2.396018907926439345e-02
2.599384404122789816e-02
2.803186767354748365e-02
3.007404093418009072e-02
3.212014580071465009e-02
3.416996529478816269e-02
3.622328350605114045e-02
3.827988561568299031e-02
4.033955791945642577e-02
4.240208785035443073e-02
4.446726400073863772e-02
4.653487614407209039e-02
4.860471525619605715e-02
5.067657353616503157e-02
5.275024442663844848e-02
5.482552263383400071e-02
5.690220414704250107e-02
5.898008625770778668e-02
6.105896757807297015e-02
6.313864805939614633e-02
6.521892900973794149e-02
6.729961311132331980e-02
6.938050443748056129e-02
7.146140846916135270e-02
7.354213211104226877e-02
7.562248370721480484e-02
7.770227305646326688e-02
7.978131142713681956e-02
8.185941157161683024e-02
8.393638774038519879e-02
8.601205569569600473e-02
8.808623272485344158e-02
9.015873765310300492e-02
9.222939085613482413e-02
9.429801427220882437e-02
9.636443141390071965e-02
9.842846737947624769e-02
1.004899488638959504e-01
1.025487041694561063e-01
1.046045632160685357e-01
1.066573575511858829e-01
1.087069203593735434e-01
1.107530864715360885e-01
1.127956923738006045e-01
1.148345762160612737e-01
1.168695778201917779e-01
1.189005386879276038e-01
1.209273020084249972e-01
1.229497126654993389e-01
1.249676172445499112e-01
1.269808640391731080e-01
1.289893030574708888e-01
1.309927860280588330e-01
1.329911664057768783e-01
1.349842993771106503e-01
1.369720418653243843e-01
1.389542525353144320e-01
1.409307917981832414e-01
1.429015218155435529e-01
1.448663065035536435e-01
1.468250115366911412e-01
1.487775043512681861e-01
1.507236541486937087e-01
1.526633318984874643e-01
1.545964103410502610e-01
1.565227639901957679e-01
1.584422691354464285e-01
1.603548038441023338e-01
1.622602479630824990e-01
1.641584831205467332e-01
1.660493927273022363e-01
1.679328619779975884e-01
1.698087778521106816e-01
1.716770291147340088e-01
1.735375063171614995e-01
1.753901017972823717e-01
1.772347096797850519e-01
1.790712258761766873e-01
1.808995480846204151e-01
1.827195757895979100e-01
1.845312102613975713e-01
1.863343545554357328e-01
1.881289135114122824e-01
1.899147937523064100e-01
1.916919036832156475e-01
1.934601534900421693e-01
1.952194551380301568e-01
1.969697223701580013e-01
1.987108707053890921e-01
2.004428174367842153e-01
2.021654816294804480e-01
2.038787841185376870e-01
2.055826475066594439e-01
2.072769961617881296e-01
2.089617562145798246e-01
2.106368555557609767e-01
2.123022238333721334e-01
2.139577924498970163e-01
2.156034945592864571e-01
2.172392650638737543e-01
2.188650406111894431e-01
2.204807595906747020e-01
2.220863621302970603e-01
2.236817900930728742e-01
2.252669870734957946e-01
2.268418983938762790e-01
2.284064711005934223e-01
2.299606539602617183e-01
2.315043974558149142e-01
2.330376537825082361e-01
2.345603768438429548e-01
2.360725222474137075e-01
2.375740473006804354e-01
2.390649110066672134e-01
2.405450740595909687e-01
2.420144988404187847e-01
2.434731494123579809e-01
2.449209915162791629e-01
2.463579925660745462e-01
2.477841216439511940e-01
2.491993494956631916e-01
2.506036485256806778e-01
2.519969927922995900e-01
2.533793580026916792e-01
2.547507215078953502e-01
2.561110622977506024e-01
2.574603609957749062e-01
2.587985998539846788e-01
2.601257627476604162e-01
2.614418351700569243e-01
2.627468042270594828e-01
2.640406586317850524e-01
2.653233886991304136e-01
2.665949863402662379e-01
2.678554450570784784e-01
2.691047599365553600e-01
2.703429276451221330e-01
2.715699464229217042e-01
2.727858160780423091e-01
2.739905379806912289e-01
2.751841150573151040e-01
2.763665517846653485e-01
2.775378541838091628e-01
2.786980298140857015e-01
2.798470877670062862e-01
2.809850386600986072e-01
2.821118946306940822e-01
2.832276693296574277e-01
2.843323779150579989e-01
2.854260370457818441e-01
2.865086648750835852e-01
2.875802810440779012e-01
2.886409066751672858e-01
2.896905643654089091e-01
2.907292781798155312e-01
2.917570736445911361e-01
2.927739777403011168e-01
2.937800188949731828e-01
2.947752269771290456e-01
2.957596332887468260e-01
2.967332705581502417e-01
2.976961729328243544e-01
2.986483759721561548e-01
2.995899166401000402e-01
3.005208332977633012e-01
3.014411656959126717e-01
3.023509549673998320e-01
3.032502436195029238e-01
3.041390755261847434e-01
3.050174959202618385e-01
3.058855513854882857e-01
3.067432898485465964e-01
3.075907605709487513e-01
3.084280141408419218e-01
3.092551024647187119e-01
3.100720787590307559e-01
3.108789975417009521e-01
3.116759146235355549e-01
3.124628870995327379e-01
3.132399733400842989e-01
3.140072329820720043e-01
3.147647269198525222e-01
3.155125172961322777e-01
3.162506674927278993e-01
3.169792421212120903e-01
3.176983070134413722e-01
3.184079292119640359e-01
3.191081769603079654e-01
3.197991196931432856e-01
3.204808280263204967e-01
3.211533737467804905e-01
3.218168298023358909e-01
3.224712702913198337e-01
3.231167704521019091e-01
3.237534066524687670e-01
3.243812563788667780e-01
3.250003982255066370e-01
3.256109118833247495e-01
3.262128781288043400e-01
3.268063788126491787e-01
3.273914968483118137e-01
3.279683162003739771e-01
3.285369218727748897e-01
3.290973998968896863e-01
3.296498373194527431e-01
3.301943221903264059e-01
3.307309435501124550e-01
3.312597914176057534e-01
3.317809567770869661e-01
3.322945315654546317e-01
3.328006086591935864e-01
3.332992818611801300e-01
3.337906458873201587e-01
3.342747963530214861e-01
3.347518297594975212e-01
3.352218434799019708e-01
3.356849357452922344e-01
3.361412056304222129e-01
3.365907530393628111e-01
3.370336786909472471e-01
3.374700841040440547e-01
3.379000715826543377e-01
3.383237442008323326e-01
3.387412057874304994e-01
3.391525609106673667e-01
3.395579148625167409e-01
3.399573736429207238e-01
3.403510439438220403e-01
3.407390331330195088e-01
3.411214492378437657e-01
3.414984009286534672e-01
3.418699975021536330e-01
3.422363488645336904e-01
3.425975655144271603e-01
3.429537585256922649e-01
3.433050395300145108e-01
3.436515206993310256e-01
3.439933147280766490e-01
3.443305348152542189e-01
3.446632946463270564e-01
3.449917083749376445e-01
3.453158906044483945e-01
3.456359563693129910e-01
3.459520211162708248e-01
3.462642006853717258e-01
3.465726112908299461e-01
3.468773695017092207e-01
3.471785922224392973e-01
3.474763966731673759e-01
3.477709003699442358e-01
3.480622211047472159e-01
3.483504769253438216e-01
3.486357861149939064e-01
3.489182671719973095e-01
3.491980387890843973e-01
3.494752198326553927e-01
3.497499293218687133e-01
3.500222864075821505e-01
3.502924103511475540e-01
3.505604205030639076e-01
3.508264362814904058e-01
3.510905771506216411e-01
3.513529625989295635e-01
3.516137121172744906e-01
3.518729451768872751e-01
3.521307812072282384e-01
3.523873395737236458e-01
3.526427395553856647e-01
3.528971003223170255e-01
3.531505409131059370e-01
3.534031802121144206e-01
3.536551369266629496e-01
3.539065295641174447e-01
3.541574764088801786e-01
3.544080954992915311e-01
3.546585046044438139e-01
3.549088212009148258e-01
3.551591624494220834e-01
3.554096451714053861e-01
3.556603858255406037e-01
3.559115004841894581e-01
3.561631048097910757e-01
3.564153140311990819e-01
3.566682429199701798e-01
3.569220057666080415e-01
3.571767163567698411e-01
3.574324879474378713e-01
3.576894332430631818e-01
3.579476643716876794e-01
3.582072928610465778e-01
3.584684296146616322e-01
3.587311848879254361e-01
3.589956682641870511e-01
3.592619886308424659e-01
3.595302541554347142e-01
3.598005722617724778e-01
3.600730496060707830e-01
3.603477920531193979e-01
3.606249046524876989e-01
3.609044916147691184e-01
3.611866562878726650e-01
3.614715011333680117e-01
3.617591277028897601e-01
3.620496366146069844e-01
3.623431275297652188e-01
3.626396991293060479e-01
3.629394490905721860e-01
3.632424740641028160e-01
3.635488696505271289e-01
3.638587303775607795e-01
3.641721496771141986e-01
3.644892198625164781e-01
3.648100321058640461e-01
3.651346764154979052e-01
3.654632416136184281e-01
3.657958153140430380e-01
3.661324839001138809e-01
3.664733325027605404e-01
3.668184449787268431e-01
3.671679038889663627e-01
3.675217904772140054e-01
3.678801846487400606e-01
3.682431649492924342e-01
3.686108085442358906e-01
3.689831911978915802e-01
3.693603872530855647e-01
3.697424696109128384e-01
3.701295097107212828e-01
3.705215775103240516e-01
3.709187414664457116e-01
3.713210685154084700e-01
3.717286240540647047e-01
3.721414719209824584e-01
3.725596743778894493e-01
3.729832920913818683e-01
3.734123841149046275e-01
3.738470078710077193e-01
3.742872191338864618e-01
3.747330720122090120e-01
3.751846189322397551e-01
3.756419106212619541e-01
3.761049960913064316e-01
3.765739226231918924e-01
3.770487357508818249e-01
3.775294792461638682e-01
3.780161951036565826e-01
3.785089235261491769e-01
3.790077029102790207e-01
3.795125698325521602e-01
3.800235590357123883e-01
3.805407034154616452e-01
3.810640340075396870e-01
3.815935799751647428e-01
3.821293685968406018e-01
3.826714252545365680e-01
3.832197734222402841e-01
3.837744346548925822e-01
3.843354285777046964e-01
3.849027728758626643e-01
3.854764832846248046e-01
3.860565735798134890e-01
3.866430555687050408e-01
3.872359390813233659e-01
3.878352319621378719e-01
3.884409400621714470e-01
3.890530672315188898e-01
3.896716153122813386e-01
3.902965841319180340e-01
3.909279714970180786e-01
3.915657731874949699e-01
3.922099829512071256e-01
3.928605924990055120e-01
3.935175915002100955e-01
3.941809675785189482e-01
3.948507063083507296e-01
3.955267912116212647e-01
3.962092037549573842e-01
3.968979233473494683e-01
3.975929273382415863e-01
3.982941910160636145e-01
3.990016876072035590e-01
3.997153882754224119e-01
4.004352621217122099e-01
4.011612761845964048e-01
4.018933954408742126e-01
4.026315828068094960e-01
4.033757991397626252e-01
4.041260032402664293e-01
4.048821518545457909e-01
4.056441996774803327e-01
4.064120993560099704e-01
4.071858014929820579e-01
4.079652546514398459e-01
4.087504053593514763e-01
4.095411981147768499e-01
4.103375753914741964e-01
4.111394776449409649e-01
4.119468433188908096e-01
4.127596088521640061e-01
4.135777086860674689e-01
4.144010752721463131e-01
4.152296390803806858e-01
4.160633286078093684e-01
4.169020703875744305e-01
4.177457889983868800e-01
4.185944070744097578e-01
4.194478453155554565e-01
4.203060224981958193e-01
4.211688554862788592e-01
4.220362592428543169e-01
4.229081468419985668e-01
4.237844294811399792e-01
4.246650164937798011e-01
4.255498153626038338e-01
4.264387317329827454e-01
4.273316694268570748e-01
4.282285304570015994e-01
4.291292150416661233e-01
4.300336216195881911e-01
4.309416468653739507e-01
4.318531857052412271e-01
4.327681313331226409e-01
4.336863752271220562e-01
4.346078071663206366e-01
4.355323152479282922e-01
4.364597859047741890e-01
4.373901039231334331e-01
4.383231524608821039e-01
4.392588130659785262e-01
4.401969656952637866e-01
4.411374887335767214e-01
4.420802590131777676e-01
4.430251518334772931e-01
4.439720409810610224e-01
4.449207987500100048e-01
4.458712959625057981e-01
4.468234019897189269e-01
4.477769847729724528e-01
4.487319108451757743e-01
4.496880453525227694e-01
4.506452520764492875e-01
4.516033934558419949e-01
4.525623306094954668e-01
4.535219233588093646e-01
4.544820302507205367e-01
4.554425085808644913e-01
4.564032144169593574e-01
4.573640026224068400e-01
4.583247268801042273e-01
4.592852397164607359e-01
4.602453925256123624e-01
4.612050355938300261e-01
4.621640181241133405e-01
4.631221882609645180e-01
4.640793931153375795e-01
4.650354787897538200e-01
4.659902904035809201e-01
4.669436721184665462e-01
4.678954671639222740e-01
4.688455178630511200e-01
4.697936656584116855e-01
4.707397511380150279e-01
4.716836140614459882e-01
4.726250933861037562e-01
4.735640272935566220e-01
4.745002532160033093e-01
4.754336078628358386e-01
4.763639272472983133e-01
4.772910467132344126e-01
4.782148009619202056e-01
4.791350240789729042e-01
4.800515495613333350e-01
4.809642103443143579e-01
4.818728388287100706e-01
4.827772669079601897e-01
4.836773259953633386e-01
4.845728470513360198e-01
4.854636606107083363e-01
4.863495968100537414e-01
4.872304854150465436e-01
4.881061558478417273e-01
4.889764372144712046e-01
4.898411583322541674e-01
4.907001477572110471e-01
4.915532338114830258e-01
4.924002446107453856e-01
4.932410080916140860e-01
4.940753520390389619e-01
4.949031041136796594e-01
4.957240918792585882e-01
4.965381428298867306e-01
4.973450844173580299e-01
4.981447440784076419e-01
4.989369492619289415e-01
4.997215274561462861e-01
5.004983062157383200e-01
5.012671131889079312e-01
5.020277761443935338e-01
5.027801229984207865e-01
5.035239818415875312e-01
5.042591809656795654e-01
5.049855488904122502e-01
5.057029143900979573e-01
5.064111065202293593e-01
5.071099546439818972e-01
5.077992884586264299e-01
5.084789380218521782e-01
5.091487337779951883e-01
5.098085065841686525e-01
5.104580877362940861e-01
5.110973089950278103e-01
5.117260026115808547e-01
5.123440013534295012e-01
5.129511385299148074e-01
5.135472480177242227e-01
5.141321642862590746e-01
5.147057224228792638e-01
5.152677581580262789e-01
5.158181078902210892e-01
5.163566087109344727e-01
5.168830984293278918e-01
5.173974155968625865e-01
5.178993995317745513e-01
5.183888903434139550e-01
5.188657289564461150e-01
5.193297571349136943e-01
5.197808175061572333e-01
5.202187535845913535e-01
5.206434097953379636e-01
5.210546314977121396e-01
5.214522650085596789e-01
5.218361576254467726e-01
5.222061576496977997e-01
5.225621144092817971e-01
5.229038782815453867e-01
5.232313007157926021e-01
5.235442342557070639e-01
5.238425325616207218e-01
5.241260504326220593e-01
5.243946438285086442e-01
5.246481698915793634e-01
5.248864869682661194e-01
5.251094546306067645e-01
5.253169336975542780e-01
5.255087862561257372e-01
5.256848756823884194e-01
5.258450666622820346e-01
5.259892252122783107e-01
5.261172186998754885e-01
5.262289158639295028e-01
5.263241868348200736e-01
5.264029031544508186e-01
5.264649377960853860e-01
5.265101651840170538e-01
5.265384612130730169e-01
5.265497032679522516e-01
5.265437702423977351e-01
5.265205425582024645e-01
5.264799021840491644e-01
5.264217326541831277e-01
5.263459190869199666e-01
5.262523482029859423e-01
5.261409083436928702e-01
5.260114894889457160e-01
5.258639832750855447e-01
5.256982830125650485e-01
5.255142837034588732e-01
5.253118820588077442e-01
5.250909765157973919e-01
5.248514672547709425e-01
5.245932562160768864e-01
5.243162471167510663e-01
5.240203454670336880e-01
5.237054585867217948e-01
5.233714956213563196e-01
5.230183675582441571e-01
5.226459872423168118e-01
5.222542693918239554e-01
5.218431306138627823e-01
5.214124894197431637e-01
5.209622662401897086e-01
5.204923834403776262e-01
5.200027653348083811e-01
5.194933382020184842e-01
5.189640302991258558e-01
5.184147718762134316e-01
5.178454951905477888e-01
5.172561345206347916e-01
5.166466261801124782e-01
5.160169085314787463e-01
5.153669219996570572e-01
5.146966090853970499e-01
5.140059143785122853e-01
5.132947845709534551e-01
5.125631684697167234e-01
5.118110170095897526e-01
5.110382832657303087e-01
5.102449224660821070e-01
5.094308920036241251e-01
5.085961514484546031e-01
5.077406625597089551e-01
5.068643892973114795e-01
5.059672978335592042e-01
5.050493565645393090e-01
5.041105361213771285e-01
5.031508093813168436e-01
5.021701514786314213e-01
5.011685398153629123e-01
5.001459540718922181e-01
4.991023762173365519e-01
4.980377905197745370e-01
4.969521835562971668e-01
4.958455442228854593e-01
4.947178637441114191e-01
4.935691356826625853e-01
4.923993559486893323e-01
4.912085228089720923e-01
4.899966368959096652e-01
4.887637012163246197e-01
4.875097211600868952e-01
4.862347045085521624e-01
4.849386614428143338e-01
4.836216045517715556e-01
4.822835488400020187e-01
4.809245117354498111e-01
4.795445130969175351e-01
4.781435752213658019e-01
4.767217228510155502e-01
4.752789831802529674e-01
4.738153858623339043e-01
4.723309630158867845e-01
4.708257492312108439e-01
4.692997815763687020e-01
4.677530996030691557e-01
4.661857453523408079e-01
4.645977633599908674e-01
4.629892006618495648e-01
4.613601067987956883e-01
4.597105338215618509e-01
4.580405362953168247e-01
4.563501713040206687e-01
4.546394984545536477e-01
4.529085798806112284e-01
4.511574802463667044e-01
4.493862667498960128e-01
4.475950091263622976e-01
4.457837796509580564e-01
4.439526531416009281e-01
4.421017069613799588e-01
4.402310210207502350e-01
4.383406777794714992e-01
4.364307622482876403e-01
4.345013619903448365e-01
4.325525671223433011e-01
4.305844703154209085e-01
4.285971667957638176e-01
4.265907543449416472e-01
4.245653332999629326e-01
4.225210065530474735e-01
4.204578795511128564e-01
4.183760602949690433e-01
4.162756593382213044e-01
4.141567897858727254e-01
4.120195672926275088e-01
4.098641100608872989e-01
4.076905388384393647e-01
4.054989769158318103e-01
4.032895501234307067e-01
4.010623868281580906e-01
3.988176179299037782e-01
3.965553768576096094e-01
3.942757995650204017e-01
3.919790245260983408e-01
3.896651927300972540e-01
3.873344476762918265e-01
3.849869353683585960e-01
3.826228043084032859e-01
3.802422054906335336e-01
3.778452923946692410e-01
3.754322209784887177e-01
3.730031496710068395e-01
3.705582393642796735e-01
3.680976534053336802e-01
3.656215575876128332e-01
3.631301201420428781e-01
3.606235117277057367e-01
3.581019054221233344e-01
3.555654767111432468e-01
3.530144034784258866e-01
3.504488659945274587e-01
3.478690469055751855e-01
3.452751312215310286e-01
3.426673063040415190e-01
3.400457618538678672e-01
3.374106898978942448e-01
3.347622847757106834e-01
3.321007431257666509e-01
3.294262638710918623e-01
3.267390482045816613e-01
3.240392995738425319e-01
3.213272236655962399e-01
3.186030283896373883e-01
3.158669238623434405e-01
3.131191223897324405e-01
3.103598384500672047e-01
3.075892886760013822e-01
3.048076918362665477e-01
3.020152688168968313e-01
2.992122426019878656e-01
2.963988382539891053e-01
2.935752828935268011e-01
2.907418056787551830e-01
2.878986377842323030e-01
2.850460123793234213e-01
2.821841646061236664e-01
2.793133315569038544e-01
2.764337522510740275e-01
2.735456676116666541e-01
2.706493204413343845e-01
2.677449553978655805e-01
2.648328189692125134e-01
2.619131594480347269e-01
2.589862269057547906e-01
2.560522731661267204e-01
2.531115517783167346e-01
2.501643179894961211e-01
2.472108287169461627e-01
2.442513425196748966e-01
2.412861195695470695e-01
2.383154216219262600e-01
2.353395119858314732e-01
2.323586554936081239e-01
2.293731184701139347e-01
2.263831687014236094e-01
2.233890754030488923e-01
2.203911091876818995e-01
2.173895420324577499e-01
2.143846472457420216e-01
2.113766994334445593e-01
2.083659744648611034e-01
2.053527494380467666e-01
2.023373026447233269e-01
1.993199135347231976e-01
1.963008626799747913e-01
1.932804317380312498e-01
1.902589034151466740e-01
1.872365614289046021e-01
1.842136904704017586e-01
1.811905761659928782e-01
1.781675050385989612e-01
1.751447644685871774e-01
1.721226426542238064e-01
1.691014285717089838e-01
1.660814119347952533e-01
1.630628831539998325e-01
1.600461332954124516e-01
1.570314540391085090e-01
1.540191376371708998e-01
1.510094768713307889e-01
1.480027650102303527e-01
1.449992957663182036e-01
1.419993632523825489e-01
1.390032619377305489e-01
1.360112866040227853e-01
1.330237323007683325e-01
1.300408943004915940e-01
1.270630680535788648e-01
1.240905491428111740e-01
1.211236332375952712e-01
1.181626160479018056e-01
1.152077932779172337e-01
1.122594605794232647e-01
1.093179135049105882e-01
1.063834474604396924e-01
1.034563576582552824e-01
1.005369390691708831e-01
9.762548637472778790e-02
9.472229391914416263e-02
9.182765566106404487e-02
8.894186512511642606e-02
8.606521535329850203e-02
8.319799885619266755e-02
8.034050756403093851e-02
7.749303277761723785e-02
7.465586511912275514e-02
7.182929448276345608e-02
6.901360998537522939e-02
6.620909991689880036e-02
6.341605169078667892e-02
6.063475179434696383e-02
5.786548573903552151e-02
5.510853801071238789e-02
5.236419201987368988e-02
4.963273005187529563e-02
4.691443321716012860e-02
4.420958140150471616e-02
4.151845321629868413e-02
3.884132594887118595e-02
3.617847551287997621e-02
3.353017639877653444e-02
3.089670162436145007e-02
2.827832268544752670e-02
2.567530950664231870e-02
2.308793039226689214e-02
2.051645197742479887e-02
1.796113917923850001e-02
1.542225514826456312e-02
1.290006122010661782e-02
