6.838117177026330987e-04 7.184258742301049411e-04 1.397641609524716624e-02 4.871383038161779255e-02 8.601988557391149204e-02 7.139084367356038352e-02 1.958850959522184451e-02 1.970269139971644531e-02 -3.329685672933218460e-03 -1.352477524118217769e-02 -1.518526327220812155e-02 -2.031813223505306992e-02 -1.987338601628172233e-02 -1.331917296661814555e-02 8.546922906309409665e-04 7.929785364080533475e-04
1.101067494064791744e-03 5.133249413858891920e-03 5.128855875025404437e-03 1.006691219859952476e-02 1.028042655676811128e-02 2.470403847451908136e-02 4.045337693251441213e-02 2.370413797925676261e-02 -2.290606061504099275e-02 -4.628844899532869039e-02 -2.128357658883583969e-02 -2.593375402820795664e-02 2.211962564442832360e-05 8.333430259862734807e-03 -9.163891405291040709e-05 8.934424985627505882e-04
-1.248641018632168928e-03 -3.123646912566194374e-03 -1.241758757258889026e-02 -2.541599935592052037e-02 -2.718249144578224752e-02 -4.830666366148247265e-02 -4.112757265423713088e-02 6.079725589361403663e-03 2.876375164675667312e-02 6.416174261684039204e-03 2.852497512264640447e-02 3.098863276638444061e-02 -1.032860627434872142e-02 -9.725394939989057130e-03 -4.159287349502939837e-03 -1.299599472441986380e-03
-1.192663347020949576e-04 1.932575516737423862e-03 1.475425165113109990e-02 3.944909351675329051e-02 7.939899012043728777e-02 8.663204340138777604e-02 3.689870288846371776e-02 1.039574172787567120e-02 1.622601451339502482e-02 -6.360208559923983054e-03 -2.569471766447579270e-02 2.288101549927162512e-02 5.109453194962079031e-02 2.910017731340847069e-02 6.689834504993733867e-03 -9.063183093198606648e-06
3.252889596606251834e-04 -6.134285947760912891e-05 5.488553593186557347e-03 5.353884204992444620e-03 -3.539134828688426937e-02 -4.616729065011573180e-02 -1.232885316596674108e-02 -7.816633015705121146e-03 -2.580039991928573945e-02 -2.984775511880010182e-02 -2.325270513630417132e-02 -2.150913542008056276e-02 -1.246112934251761631e-02 -6.072878093043359779e-03 -1.458834054422061040e-03 3.145155465570153241e-04
1.088649173973999559e-04 4.844094053040355272e-03 1.307787297575654581e-02 1.131984232831518070e-02 -2.893512856214186524e-02 -7.589412137256690283e-02 -1.047519150888659850e-01 -1.309726119018106427e-01 -7.712787505229840024e-02 -1.148836101922913466e-02 6.316115725986871932e-03 -1.116515366372453251e-02 -2.576608506596452658e-02 -1.175879710005947251e-02 -1.687815051340214260e-03 -2.825286433139477288e-05
-9.767387100116332529e-04 -1.032084486586829462e-02 -3.717957092317501072e-02 -7.650550741886974482e-02 -7.870007204520898525e-02 -4.444051549294027181e-02 2.818716595335525946e-02 5.272518669998682572e-02 1.056798327920164746e-02 1.807235655504236399e-02 -1.076385784279604470e-02 -2.399917888005857064e-02 -1.599021585040225069e-02 -8.255007822813083262e-03 -8.206532433242721535e-04 -7.425211811067275978e-04
1.643676010252311318e-03 3.573769262086052591e-03 4.085034499913320349e-03 2.184319979583476679e-02 4.040763646125577341e-02 3.942965538378946644e-02 1.410470140082737203e-02 6.316911256154375542e-02 1.046890775540436358e-01 6.634059865832780956e-02 3.940551661042573234e-02 2.212770151019709253e-02 3.143772238625732601e-02 1.647911787087059932e-02 3.524517755058572972e-03 1.586518011242189340e-03
-1.300900848092595733e-03 1.974549291986325665e-03 1.684474015692113275e-02 4.097798695316220291e-02 5.260100182788786383e-02 6.270028352535719773e-02 4.001708432826944078e-02 -5.184033243059468776e-02 -4.551521455585100240e-02 -3.074663581423965619e-02 5.474155796387596140e-03 3.260931664949232034e-02 -4.374217531786434021e-03 -8.918505104782792001e-03 -5.670443368077511884e-03 -1.486602755038411846e-03
4.261860357096458542e-04 6.128342127601708444e-04 6.802990121586931574e-03 -8.301485718169011180e-03 -4.075137425274653891e-02 -3.989549030091893433e-02 3.673020371341099294e-03 4.522997305543713376e-02 2.258193444433294339e-02 2.989461205758248835e-02 3.257441991328474673e-02 3.222094534801273752e-02 2.115910739961863324e-02 4.443536577465944520e-03 4.300836244077368281e-03 5.989415331881999417e-04
1.470254403713225659e-03 -2.286389246276823370e-03 -3.218918983559407310e-02 -5.417017637656871415e-02 -5.065156048427103819e-02 -4.160074594967788641e-02 -4.242547741695303770e-02 -1.318733407232731969e-02 -1.017015437489117435e-02 -1.316019921677049308e-02 -1.215951261292179397e-02 -7.239364721829213978e-02 -5.187963021709021683e-02 -1.451738608227519031e-02 -2.628153698466253844e-03 1.362857870346818358e-03
-1.446018896285885440e-03 -2.458647571649011550e-03 -1.811834573741604587e-02 -3.400978191075481466e-02 7.354572991332150242e-03 4.182407313946418653e-02 3.908325550892738365e-02 1.186671978892481043e-02 -2.420079540620505287e-03 -4.139645932031811582e-02 -4.711019082952117021e-02 -2.569108607998724092e-02 -2.816010793952176267e-02 -1.260475886972808532e-02 -5.498605213740408344e-03 -1.572927471044218177e-03
-1.143860069681188136e-03 2.113985621824113550e-03 3.535151744559669046e-02 7.694225028830595225e-02 6.960845227887867137e-02 9.820606008230682582e-04 -1.607960415883236127e-03 1.070052012812131720e-02 -3.026653057282698359e-02 -4.539654210975103965e-02 -6.099130933325766502e-02 -2.286397425021184648e-02 -4.290889108314733039e-03 -3.531441023013965480e-03 -9.419755875100582418e-05 -1.067579668979937993e-03
1.467327933207859553e-03 2.281450262841752674e-05 -7.406800488248497030e-03 -1.250038067171495293e-02 2.007150696518054250e-03 2.371113148217640632e-02 2.184614831665310924e-03 -2.198053311713979441e-03 -4.925721588202883888e-02 -9.071708728488454831e-02 -7.197300252700006284e-02 -2.488755868215929840e-02 1.438387197939596310e-02 8.872771729216674674e-03 5.056097493644792426e-03 1.592250271495446482e-03
-4.784653426716725796e-04 -1.305261325306479939e-03 2.296149390862572276e-03 -1.555695408188648848e-03 -5.007835126286462601e-03 4.621943361238621539e-02 5.253739339415752774e-02 -6.735126097585192664e-03 -6.782371271813872338e-03 -3.042311756064165415e-02 -5.729277953440266996e-02 -3.057605502702493566e-02 1.341252121382668569e-02 1.876335113712230412e-02 1.326128998931024039e-03 -4.708648344529654762e-04
1.329128659866327545e-03 6.990860262334414391e-03 2.839937146426201389e-02 4.049527980119401599e-02 -9.769649454006223283e-03 -5.130499693888340013e-02 -3.699853529446157224e-02 -2.279030135908350144e-02 -5.674131398795134729e-02 -5.325740445446054683e-02 -1.642928135237888346e-02 -1.664045461228748704e-02 -3.560171723470657856e-02 -2.603638284444777587e-02 -9.465707244185181043e-04 1.279168018566386941e-03
-5.901342392080172975e-04 -2.877636625485627958e-04 -9.349784835297858532e-03 -8.539375172842769701e-03 1.779687298859079086e-02 1.479331420108903616e-02 -2.824616699882071327e-02 -4.077617969175749424e-02 2.074979766982030724e-02 5.388742848102621996e-02 8.057960512179587753e-02 7.389497474487180528e-02 5.206865594057132063e-02 3.002725811796511796e-02 2.366471604769867197e-03 -6.719299912187174945e-04
-2.083774526326695378e-03 -1.033906569821103211e-02 -3.475281387415112000e-02 -6.820079770556941590e-02 -7.668933905709666987e-02 -1.064155730675087896e-01 -7.893586186941710381e-02 -4.682797793064991110e-02 -2.830104974104629204e-02 5.116084108091034643e-02 8.420829797376598591e-02 6.885962990964983321e-02 1.549864702929797285e-02 -2.377909174796973002e-03 -2.214881968992574689e-03 -1.910479461404182740e-03
2.081641858213295962e-03 2.453259861332529775e-03 -3.722290654295003220e-04 -1.846487925209181966e-02 -2.654856113325659156e-02 -1.064033830470351161e-02 -4.525741250770231455e-02 -1.404710299162957587e-02 1.118990536462177027e-02 1.712116525294778840e-02 -5.916807295564516928e-03 -3.920200218574425299e-02 -2.621680502709228949e-02 -2.067240299298004833e-02 -1.243021264068635634e-03 2.082605356092309245e-03
-7.629774234546557498e-04 7.015255483278030196e-04 1.182058577581615415e-02 3.733170253542106992e-02 5.252338040949943582e-02 5.251090150151950520e-02 3.511472398304137793e-02 -3.152219170691345634e-02 -6.354850690551805403e-02 -7.386702007800757808e-02 -6.520015155552744135e-02 -4.869548301382156663e-02 -2.686508739188301492e-02 -2.065961429019304296e-03 -1.671060012587865899e-03 -8.349888247494073818e-04
2.929109925238946818e-04 5.005929551599500558e-04 9.876925553305420519e-04 -1.551507668804846286e-02 -4.895763764205633695e-02 -5.871072268293451440e-02 -8.282969304906923763e-03 5.722839060543905010e-02 5.365821432154922049e-02 4.638743931198183179e-02 5.454346901513887347e-02 5.954583971385822572e-02 3.956095428474043496e-02 1.476647802283251147e-02 5.278235449052058603e-03 4.282240651611929545e-04
1.590750988552902881e-03 -2.015869429640437804e-06 -2.646168589944671370e-02 -4.680304728889278509e-02 -4.215269415360443916e-02 4.578045914878290518e-03 2.554161036607894772e-02 3.066546052970955255e-02 5.373553735640806961e-02 2.965490016620155045e-02 1.033467061656905689e-02 -1.919854761628729534e-02 -1.088129352794444706e-02 -3.014879512588425521e-03 -1.187005798002109579e-03 1.445570910949747247e-03
-2.608817568551695994e-03 1.106253145228134824e-03 1.858507997804685619e-02 3.936737923328464950e-02 4.621767314087413953e-02 -8.497786639762293717e-03 -2.301881874309201839e-02 -3.133568203196423346e-02 1.589733985838287164e-02 7.037442372640262400e-02 6.015220193496120804e-02 3.753996255283038180e-02 3.700231409469135688e-03 9.938379315631187642e-04 -5.177300340667681695e-03 -2.767429486312727571e-03
-6.150611710186190510e-04 -3.815661863646786604e-03 1.762330217516566711e-02 4.701786780907836472e-02 7.309517974585226507e-02 6.991072281857990678e-02 4.413790121564362123e-02 1.944258535828966364e-02 -3.131324721298331393e-02 -1.160996280002735137e-02 -1.872603656110317233e-02 -1.274195213285160902e-03 5.523490206446865503e-03 2.586420912823685428e-03 6.272602493454120832e-03 -2.032082730415510352e-04
3.118824753658312049e-03 5.220478422776216564e-03 -3.882614975562043852e-03 -3.307022135060323775e-03 1.476611482969278702e-02 8.234766133197021776e-02 6.586344857291698274e-02 4.224017014664623731e-03 -3.216731465981684246e-02 -7.175254078109087608e-02 -7.251360823342756223e-02 -2.160112021147522765e-02 3.815828250215299450e-02 2.241721885525875535e-02 8.702309578497104472e-03 3.144034450938752896e-03
-1.261983755398255391e-03 4.002292557475526855e-03 1.618712105111129451e-02 1.435404768903361314e-02 -2.985892230938852476e-02 -7.069863186287841939e-02 -5.909860439419181710e-02 -4.983621664536100337e-02 3.407200607239447426e-02 7.320599004765346307e-02 4.983388529415255785e-02 8.119220851676706499e-03 -1.998505830860325405e-02 -1.678139681822119963e-02 -1.153052179349700959e-02 -1.664199362143643302e-03
-6.986130584451862458e-04 -7.224399957334077735e-03 -2.535493875458259480e-02 -6.108521392272669298e-02 -8.797945365572261422e-02 -9.963768958226851269e-02 -5.005659474152681504e-02 1.827655526063390323e-02 -7.418920161659198903e-03 -3.415629290633794696e-02 -2.864662432771998557e-02 -5.342679639117768609e-03 -2.241301801971920526e-03 2.999082620866733162e-04 2.349591837663261504e-03 -4.562795302626313572e-04
1.333830088752122446e-03 3.758859681501616670e-04 -6.736184779657634555e-03 1.079835565592330432e-02 3.342234000216157824e-02 2.749962490970781631e-02 -1.155590583489663273e-02 -1.625019432097055128e-02 -7.207896298088503628e-04 1.040810790786922055e-02 2.665019788139602261e-02 6.980570482978579183e-03 2.861437710218002126e-03 9.845239416312202146e-05 5.847846652310478496e-04 1.295131319614282019e-03
-6.895627014552551098e-04 6.292825321331253427e-03 2.094757134393872289e-02 3.957773794300473158e-02 5.944447127008882503e-02 4.558793350737330718e-02 3.623928459491670973e-02 1.783100982087901590e-02 -1.002047945227211787e-02 -1.559460316702818670e-02 7.371618570860643399e-03 -4.493738068963824828e-03 -1.102046192398398704e-02 1.301570004444724694e-04 -3.164917133851735415e-03 -9.461667388409336589e-04
-1.712005952625396919e-03 -9.290193233442821039e-03 -1.940329225078411129e-02 -5.155566663413466144e-02 -5.781371381829969458e-02 -2.461164601660644630e-02 -3.433315445620210155e-03 1.762725993114747092e-02 4.110475495991274680e-02 4.092222309436581440e-02 2.205674990534283592e-02 1.630992443651527873e-02 -7.004688344122215332e-03 -3.466539086274284844e-03 9.477086830619874114e-06 -1.445219989629039281e-03
1.763000871277425451e-03 4.229278335509414032e-03 6.268195403099731389e-03 1.362587672594992028e-02 1.396448790954396904e-02 3.398022251132577776e-02 9.918939510251162384e-03 -2.102970618723896956e-02 3.064407850101766306e-02 7.234347432675726497e-02 5.007644202681190565e-02 2.772093670858501863e-02 1.177599774302932195e-02 -2.386020301757312695e-03 3.539378251587841848e-03 1.783757833150896761e-03
-9.997440679917592513e-04 -2.284317061019926209e-03 -5.000262560064323153e-03 -1.130514140091746361e-02 -1.251885537654069333e-02 -1.979777466659525531e-03 5.358223042895007143e-02 7.829655624431819394e-02 5.992681366680970012e-02 3.339767949926926438e-02 -4.962896842081460612e-03 -4.012775128541336105e-03 1.228310952624581814e-02 8.192717777324286937e-03 -1.610050766658643710e-03 -1.022683134182366966e-03
