1.104420976867818462e-02 2.642761162437982231e-02 2.629515007865532508e-02 3.618784004257993847e-02 -2.111469213704755821e-02 -4.622163604137628778e-02 -4.772004999271535486e-02 -1.809510490019948514e-02 -8.029249615276076724e-02 2.121186120410243486e-02 9.826564347865113236e-02 5.329350478696975174e-02 4.202118316492977484e-02 -7.302435665249615293e-03 -3.529867184314324988e-03 2.253047545303664412e-03
-4.124346363379221767e-05 -7.378447670896260205e-03 -2.693043646704144922e-02 -3.402384626773935494e-02 -4.815796204734446723e-02 -1.334477191044334231e-02 6.200775678545024372e-03 4.707814133652999528e-03 -2.198224684361842901e-02 -7.017898107477506774e-03 1.041299529823860731e-01 2.989203974478012865e-02 1.199002209611582138e-02 -1.099501874680154992e-02 -2.205633773841494168e-03 7.386081781943215976e-03
-2.379241409426145586e-03 6.794314978537219218e-03 1.861395852216689295e-02 -1.002189449588922199e-02 -2.510332876894129719e-02 -4.726812300132712114e-02 -4.869366228290754328e-02 1.710812096333454158e-04 2.566023374423063996e-02 -1.040805384477330384e-02 6.755691687830561731e-02 7.728666459213898166e-02 -9.230566433981637897e-03 -1.136477707200211039e-02 -1.884827578325347364e-02 -6.314273504279378259e-03
-3.033749073989351185e-03 -6.130373504263695629e-03 3.568690346017023424e-03 -5.470347090420835112e-02 -5.759665185948632804e-02 2.277632567062911478e-02 -2.036702291660807268e-02 -4.860634027824894260e-02 1.684994873740330856e-02 2.739509594311412277e-02 1.952805571814609370e-02 6.412900877406785272e-02 3.565376017894334587e-02 1.407574453673336203e-02 8.923144215466768600e-03 -4.158633160964101544e-04
1.428656765533934357e-04 -1.309579858497489195e-02 -3.509848869019605716e-02 -6.602246841136459599e-02 -6.623356003263841663e-02 1.834343746834575517e-03 -8.989240470108024461e-03 -1.481987523413528032e-02 4.166580574768685014e-02 5.733751583737734664e-02 1.121249042734106041e-02 -1.015241155599376326e-02 1.633202947312390949e-02 6.038296631503046324e-02 4.031970619330252359e-02 3.750806782370631580e-03
-7.899841025543936218e-03 -4.302337734677814246e-02 -6.551882312603347913e-02 -2.237245225316402547e-02 4.290369608663584938e-02 1.978315317749553687e-02 -1.842987266676797756e-03 -3.413323568697845811e-02 -4.868438833298095562e-03 1.611159202827203152e-02 6.874616283545289738e-03 2.641234465822544716e-02 1.253892534293616322e-02 1.882463952182622871e-02 1.288246628904383267e-02 5.334941147202694424e-04
-2.334717652474958653e-03 -2.019872635150827059e-02 -2.056066942651244012e-02 2.415598051241364327e-02 6.517834820459558753e-02 1.832974655512300058e-03 -1.354115198785110080e-02 7.893722412756012247e-03 -6.817960778356262075e-02 -1.386194979731227711e-02 3.341725076042459386e-02 4.003153502998092056e-02 -3.670347380654130631e-03 -1.940931566521611820e-02 -2.649218823010026508e-05 -8.229260578495932541e-04
7.722680951669167078e-03 3.365882332204060690e-02 3.943986044108186567e-02 4.211450347256828763e-02 2.877015439855635376e-02 -3.161368209378979249e-02 -1.024562550040954700e-01 -3.411626567721526282e-02 -1.901013875508562184e-02 1.633012117368351154e-02 9.366041517193193777e-02 2.396129930712893180e-02 -2.859884661645942933e-03 -6.266747709875683872e-03 7.715807574053436604e-03 5.371348183020928889e-03
-4.555987719275634770e-03 -2.581894139723760716e-03 -1.784242386460980351e-02 -3.182573725884574323e-02 2.151980012535625875e-02 -8.432386684711093428e-03 -5.927303056227659767e-03 -6.425532919554423350e-02 -5.140252087706199263e-02 4.172507752346073934e-02 6.482017161023009844e-02 4.795714277610185761e-02 6.952773070231460170e-03 3.051478072849232032e-02 1.019752463523492317e-02 -3.130235317901916905e-03
-1.813233598841310773e-03 -2.364946590748736449e-02 -4.838050577292548476e-02 -5.423244002568366334e-03 2.850105602386174969e-02 -5.212942600443794955e-02 -5.645805512894702671e-03 4.969354624045619478e-03 -6.054190459497343912e-02 2.363785280013811288e-02 1.057143296171307936e-03 6.556169261443747787e-02 7.948267045441430312e-02 1.718986666970084148e-02 -1.169894900262329410e-03 -2.978222177925376676e-03
-2.435340249940092308e-03 -5.171794778379416868e-03 -1.363500730786485447e-02 3.727621930349930834e-02 5.599345620891009456e-02 -5.700924744886766427e-02 -6.613807179785186063e-02 -4.877196848644592408e-02 -3.187115223532843017e-02 -8.700431784241650576e-03 7.095878079089870671e-02 8.036534901627870320e-02 4.259497686396701566e-02 9.743004783447603220e-03 3.064355721635692552e-03 3.219944677563774810e-03
-2.804709863134639564e-03 5.610150749026401873e-02 1.082830767018025386e-01 2.794651158677590591e-02 -1.610235547651113139e-02 -8.218756317448364102e-02 -4.363520312153599395e-02 -4.591182417134195143e-02 1.556025931110621707e-03 -3.341489101613781196e-03 7.333973929055168095e-02 1.252393889784532144e-01 -2.845722943840063926e-02 -5.498480324854658485e-02 -4.418811444232784852e-02 -1.152355595079474285e-02
-2.418015088167972410e-03 1.964960046997988458e-02 5.772565480432140933e-02 -1.207398000785339306e-02 -2.186724878992450660e-02 -4.490407356966712171e-02 -5.902063691632616904e-02 -1.086208320147692176e-02 1.550875340915139691e-02 6.083675734183421197e-02 4.282257811833831834e-02 7.874770741933000140e-02 -2.778328664040452881e-02 -5.856862196397238929e-02 -4.316644529261754598e-02 -1.456192379921357992e-02
2.120669352740061492e-04 -1.631110183737093100e-04 -9.919861844908350185e-03 -4.186355478302677263e-02 1.999541793143066321e-02 1.633312746191813852e-02 -9.152698328531226613e-02 2.344034937826798559e-02 9.071248398276585134e-02 5.451528271049883856e-02 1.215215389088403208e-02 -1.052355254898502956e-03 -3.254920085439336197e-02 -8.033501196623039908e-02 -4.638280626783419791e-02 -5.442803411053596073e-03
1.845763035410213221e-03 1.835369642257955042e-02 2.240105805791994115e-02 -2.593615536707764499e-02 -6.351372147138194257e-02 -3.943098755749994966e-02 -1.757810787217547327e-02 3.672636628324714436e-02 1.296520921316485497e-01 1.016360232659796053e-01 -1.319528443606262334e-02 -1.007926357379488741e-01 -8.025609926338114763e-02 -1.507115090221368414e-02 -3.026274487398852853e-05 -3.785455211690214473e-04
1.182501470016313061e-03 -1.335565808950282297e-02 -4.107274173491726188e-02 1.043290065241023884e-02 -8.721999869232923731e-04 -7.980340016795135771e-02 -1.691245950956092592e-02 8.771659670663298214e-02 1.431837358580122233e-01 1.027287980170502046e-01 -2.449388854970865892e-02 -1.166705994785038475e-01 -1.053763828963570348e-01 -5.469836122170514126e-02 -1.932313177130788248e-02 -1.853715771021785617e-03
-1.150356919080662392e-02 -4.971938061580222917e-02 -6.325546394456103838e-02 8.746668635676160125e-03 3.704800665379991143e-02 -4.336913118042684534e-02 3.763178933666073978e-04 4.943017221362440428e-02 1.448319926368239197e-01 5.809625050923001438e-02 -5.591348695120990780e-02 -8.340684436545120484e-02 -6.881283048773308153e-02 -4.968380429839691637e-02 -1.713521832431915554e-02 2.056997287590851820e-03
-2.688391680632407250e-04 5.405080702205354234e-03 8.234100092455893041e-03 -7.011178496841519170e-03 1.983992876790689405e-02 -1.133321776066495597e-02 2.268645997632642852e-03 4.606942589874801763e-02 3.963719408417128165e-02 6.644711145552362891e-03 -8.622277782606817265e-02 -1.403697720960906357e-02 -2.364905776524341835e-02 1.972506496030195997e-02 2.433971043546474811e-02 -3.944789186893031194e-03
8.661061781405781507e-03 4.069058305878039961e-02 7.487074231341749042e-02 6.590018918057699571e-02 3.137463685781181899e-02 1.915870510586139414e-02 -6.080081890726880822e-02 -2.263217621813539554e-03 1.046554174687813754e-02 -5.737574683902109396e-02 -4.903631098814428824e-02 2.196775970221479662e-02 3.989471755277031878e-02 -1.515452054993355994e-02 -1.306274222159069937e-02 -2.719087114594733248e-04
5.309976986347095251e-03 2.862705129089132550e-02 5.013245205208580191e-02 4.762532552468262681e-02 -7.018939694399577850e-03 2.260798378809694698e-02 2.600346288685322083e-02 1.458376614698071033e-03 1.793030454206591406e-02 -4.312126624218157178e-02 -1.072990941800732595e-02 1.466740278175220069e-03 -3.123778507925540834e-02 -5.248381477192986394e-02 -4.308658296602538990e-02 -5.831148105387168150e-03
5.531846542667898450e-03 9.855371903310405565e-03 1.824775732597076067e-02 4.844220808378937176e-02 3.398057310119863283e-02 1.981497278362905415e-02 -1.469800914643865780e-02 4.155215683588531217e-02 3.911626351852069000e-02 -5.140363635122675162e-02 -5.752045234306830956e-02 -4.300184995203829366e-03 -1.768475217142235004e-02 -4.218200096576679020e-02 -1.448484609379639340e-02 -5.600640434822680078e-04
3.327041660066078817e-03 3.835704507622221537e-02 8.046079589283075539e-02 1.005399488999677848e-01 3.207180351819150649e-02 -4.417226236866080014e-02 -6.556116744714295119e-02 -2.486608340253260163e-02 6.323687137482292275e-02 -3.707411277538065486e-02 -2.385361626323255491e-02 9.030799198918960241e-03 1.943533399167748227e-04 -1.997472485542646156e-02 -6.817363198313549505e-03 4.392385637238143715e-03
-5.144232956602293357e-03 4.219099783646589052e-02 1.167219588980382416e-01 7.296403795702867401e-02 3.209656915160443574e-02 -5.606945546756235410e-02 -4.722190360562691230e-02 -3.267303176925311081e-02 1.397416049110650552e-02 -2.235953956492769262e-02 -6.145246065906733238e-03 5.526079458250836990e-02 -1.993363665946914359e-02 -1.437202850005834739e-02 -2.041785537914462406e-02 -8.720426887134301655e-03
5.502667055113786947e-03 -5.182989743190320742e-04 9.423123687597059414e-03 2.810348093497950020e-02 5.335787568417834498e-02 3.555383040647914356e-02 -6.073193246314159688e-02 -2.373939314453801797e-03 -6.622330323749817116e-02 -4.259119026096083727e-02 1.743131307892167164e-02 8.914814838503051786e-02 2.031579679717317871e-02 -1.857222248475687287e-02 -6.043241482080100209e-03 -6.444118196382297124e-03
1.023070173626804656e-02 1.473476246860018837e-02 -1.362080801393368568e-02 -4.501067641516354884e-03 -3.278435048868898888e-02 6.811809192141526914e-04 3.651278046894447515e-03 7.692209662515341051e-02 1.915627793291487663e-02 -4.562373291262303981e-02 2.109853420701753024e-03 -3.994559813861511821e-02 1.239182940237607521e-02 -1.085493745477130595e-02 3.909476283858476231e-02 2.091551522853720563e-02
-6.877611693467405515e-03 -1.658723315086898381e-02 -1.303739346453721554e-02 5.878120395271205223e-03 -1.064203890450451419e-02 -4.112495646148909417e-02 6.939636958580991388e-02 5.562568941227261088e-02 -3.209025451031721765e-02 -2.092233627715637048e-02 1.848519825130903044e-02 -5.930959637174584159e-02 -1.790138760801043838e-03 4.011659424949487462e-02 2.628865259187324749e-02 8.770726176447378800e-03
-2.504798801303420239e-03 -1.836407310408096766e-02 1.589821761876523618e-03 7.202034061600465220e-02 7.290158907367470797e-02 -3.163460507110470166e-02 -1.684600962981640943e-02 2.140406255213454789e-02 -7.009687636047984283e-02 -9.291293762798488384e-03 2.442705335767747163e-02 -1.138271605658396773e-02 5.276333448814746890e-03 1.080428604855276052e-02 -8.335344053709611151e-03 -4.214734641833180716e-03
7.537231960067614089e-03 4.064239974327944760e-02 6.174284708107837666e-02 9.078027154892698292e-02 6.373524284742154711e-02 -2.872392442840985410e-02 -5.930011293082406570e-02 -1.121147491148796749e-02 -2.476062788365702289e-02 -1.433447865243302373e-02 9.652340496830238981e-03 -3.855232198751699924e-02 9.520424239979691922e-03 1.764575695753665963e-02 1.202426856911190806e-02 5.783007504304708835e-03
-7.148843110887382821e-03 4.176820971155474974e-03 1.941084629088567909e-02 3.642701327049684135e-03 6.143538714332429096e-02 1.986263252928958944e-02 -1.878294091122157533e-03 -3.412171781957195043e-03 -2.960573747205562031e-02 -5.680360589580187719e-02 1.332852438652849976e-02 1.836587337723823501e-02 -4.766974576474628661e-03 1.347711713733905359e-02 -8.965391499463959413e-03 -3.870962477954089861e-03
-1.628499451188132260e-03 -1.259672729707676103e-03 3.426369731313771982e-02 3.365174635246487994e-02 3.173959722984266013e-02 3.127885359651014219e-03 -4.100492412369842465e-02 1.123758476928328476e-02 -8.394346592015981823e-03 -3.697786255738300110e-02 -6.984492235947684265e-03 4.101011480448948227e-02 -1.830111056837628244e-02 1.359555042866571195e-02 7.336627158404485788e-03 -7.100814092256901335e-03
9.320996995294265203e-03 2.909012550589799156e-02 4.827695912354943580e-02 6.803499943396658367e-02 -1.188950576089847083e-03 -1.937899229623910730e-02 -1.528994195583357335e-04 -2.522089595867484102e-02 -8.667521519416077069e-02 -3.418877550062175696e-02 3.157903578476506379e-02 8.077365972147405870e-02 3.636646872048611423e-02 -2.503601328621779532e-02 -2.509245018542136801e-03 1.706339836987403507e-03
-7.374032329899010002e-05 1.210594843251203319e-02 4.945216473139997515e-02 6.531481924953905227e-02 -8.021102632930743846e-04 -6.628293007238024448e-02 -6.296380308296045669e-05 -2.028004811240895905e-02 -1.133277879763366081e-01 -1.115610041508601630e-02 7.466127406175745995e-02 5.783987371300595981e-02 4.421665565817262805e-02 1.306003637007644921e-02 1.187045557347626151e-02 4.354637206213391593e-03
