1.370501206041350450e-01 1.710627628520527688e-01 1.240410679411220879e-01 1.620492215987927587e-01 1.723654166177552849e-01 1.112641569227924565e-01 1.500779725014335375e-01 1.529879393253822939e-01 1.556548770138412030e-01 1.438459844835923707e-01 1.733696420898419854e-01 1.590296182537046243e-01 1.475026456857247426e-01 1.366329376671930051e-01 1.513179864666110985e-01 1.859804540675211726e-01 1.404969895026533244e-01 1.793313117363765363e-01 1.544377391835043412e-01 1.495924928071945548e-01
1.661736824132982737e-01 1.396643497837492254e-01 1.730136506186964740e-01 1.648864682847935303e-01 1.357146295310095174e-01 1.640489864403270881e-01 1.626204855329740351e-01 1.495827613826357372e-01 1.915947540087958867e-01 1.871126217533626845e-01 1.432419685565270440e-01 1.674753108245668198e-01 1.709707266094097622e-01 1.212087552363939613e-01 1.867566268164286836e-01 1.657430928351925625e-01 1.725138609773217979e-01 1.549908766234096291e-01 1.721361347081293292e-01 1.569469244604763669e-01
1.880982201958655009e-01 1.374347334297859047e-01 1.280793426760812592e-01 1.564684283736267334e-01 1.534572183454021577e-01 1.225103189237836121e-01 1.461329811082037189e-01 1.706685459505269675e-01 1.635476802830522769e-01 1.503611508870395519e-01 1.901627083546119368e-01 1.508917430266783488e-01 1.753808785957604865e-01 1.152127530796056565e-01 1.723366905643394509e-01 1.643619947292467853e-01 1.652940821796870519e-01 1.823897937932815183e-01 1.504200583643167943e-01 1.354376259369039770e-01
1.761925824529702034e-01 1.743096572456706017e-01 1.340989410686632965e-01 1.689070098955353094e-01 1.522687379768886684e-01 1.591439548706846674e-01 1.605906098541480809e-01 1.565200249022596912e-01 1.667691598805921827e-01 1.937090881431883516e-01 1.541420770889911085e-01 1.953385182373154338e-01 1.662005095649691233e-01 1.602803723379795375e-01 1.681657284442657774e-01 1.795524789453937509e-01 1.124567179763098501e-01 1.370934540314991124e-01 1.706506183016655576e-01 1.554135554039779987e-01
1.658084630411113536e-01 1.678357387429192937e-01 1.749375485472931535e-01 1.642440805862636077e-01 1.943113938414682274e-01 1.207475204973514210e-01 1.776523634938069474e-01 1.629327748615593541e-01 1.833929971576331863e-01 1.607672117914535903e-01 1.944066570575998520e-01 1.700559673202729771e-01 1.396295885469816256e-01 1.686901562621186401e-01 1.504305630310664998e-01 1.716521587992378139e-01 1.213949923040206214e-01 1.880757695726554268e-01 1.433581947822568647e-01 1.931163637510050768e-01
1.821414697198592558e-01 2.175517277786390979e-01 1.519954643756475932e-01 1.752249699041704134e-01 1.793234902475997483e-01 1.736686532091376856e-01 1.818176701672379603e-01 1.557217009248480777e-01 1.603120281850892448e-01 1.722677079233347619e-01 1.507565174694039389e-01 1.667226946736745652e-01 1.670131865049179487e-01 1.739798658844625978e-01 1.489769509543982795e-01 1.647424723410829961e-01 1.599929699378427883e-01 1.040299493719785973e-01 1.149268357229554227e-01 1.627419035698972061e-01
1.825161121702447986e-01 1.832830530579060146e-01 1.775147977384925746e-01 1.866647444964139313e-01 1.511210397094247260e-01 1.660089134792786525e-01 1.553869098881262567e-01 1.638025191459957508e-01 1.337121127870347370e-01 1.684533386341863503e-01 1.915766704308909107e-01 1.889845429701043911e-01 1.711038394626039350e-01 1.273390001836091356e-01 1.568515843066572990e-01 1.939599546539647057e-01 1.927864072204698298e-01 1.577864852351771874e-01 1.289209770674568933e-01 1.691494256144104313e-01
1.713176825174390627e-01 2.017126193044407878e-01 1.855907189587430728e-01 1.672870033792818734e-01 1.611507811393339262e-01 1.620395499489135638e-01 1.617041846652885473e-01 1.606197212426258569e-01 1.500098395344178492e-01 1.751480326410750632e-01 1.522682497180308792e-01 1.619695416870598481e-01 1.663346704595733694e-01 1.735945690394992968e-01 1.443573732999603454e-01 1.816161147280373478e-01 1.825481151767290311e-01 1.815467230729280734e-01 1.519316861826025544e-01 1.539901954878759027e-01
1.361058620408139019e-01 1.682978934073343646e-01 1.108363859053207445e-01 1.923324472088098758e-01 1.751530092881865563e-01 1.586685847767878299e-01 1.824172789444032938e-01 1.661676304501637502e-01 1.197447858716781666e-01 1.368009139605033120e-01 1.859626062148348191e-01 1.372047995687490085e-01 1.611196755879719666e-01 1.660416789688220485e-01 1.614743267320238040e-01 1.414144559175780080e-01 1.692559241950397919e-01 2.069473047933280685e-01 1.782129704857273733e-01 1.234885235771801676e-01
1.598888084120831943e-01 2.167312550918816805e-01 1.662907293507974171e-01 1.746938676645939659e-01 1.739300266826976638e-01 1.393610985206342745e-01 2.046481139065324251e-01 1.442949363962666154e-01 1.472442106862595357e-01 5.477416348837547272e-02 1.010422779293530526e-01 1.557699261496156284e-01 1.800949145658401751e-01 1.668524615546449485e-01 1.552864575642978751e-01 1.434772180932233077e-01 1.670397286004345339e-01 1.969152137875242181e-01 1.461702849040150964e-01 1.966286933493519851e-01
1.904426873492622851e-01 1.670515513822201092e-01 1.834444336994177083e-01 1.689752981132420229e-01 1.958313716029549956e-01 1.825086001434961247e-01 1.606864353559385450e-01 1.548154083438102457e-01 1.362114785426806474e-01 1.307316757771988525e-01 6.132107677349177971e-02 1.231274418841265123e-01 1.556992002517219587e-01 1.824595191038682063e-01 1.598256889518211710e-01 1.285401097975216456e-01 1.879853659639819097e-01 1.749895723707355910e-01 2.028234920071430858e-01 1.861886343239884667e-01
1.792425916489483739e-01 2.185727692757323815e-01 1.869065331380891370e-01 1.535915505753708832e-01 1.979965514920467851e-01 1.872746961855112358e-01 1.385799413674216052e-01 1.541046109910121364e-01 1.219819732690658048e-01 1.781440939263501666e-01 1.674303883252250824e-01 1.491569765027555838e-01 1.754739006874479479e-01 1.807714242575226005e-01 1.716788187387079390e-01 1.904627286471435310e-01 1.772172930254251322e-01 1.670788493716035827e-01 1.664777004736949506e-01 1.962973599646482548e-01
1.924496823610017948e-01 1.515639355997807913e-01 1.983041892714601517e-01 1.743713971748161173e-01 1.712503275194954266e-01 1.718474489833739238e-01 1.783444048014858341e-01 1.777192802423317453e-01 1.574932040077185735e-01 1.319360671736364843e-01 1.616527850816497636e-01 1.391215076206967494e-01 1.475658213573672883e-01 1.696595586618645513e-01 1.746025415759875909e-01 1.716730406136669218e-01 1.675359656295508093e-01 1.921409727593890449e-01 1.507951910525070771e-01 1.982263597441449310e-01
2.297848750616524882e-01 2.186047431201691982e-01 2.072872229923955756e-01 1.839271066720850334e-01 1.787586236053000377e-01 2.005606202390044779e-01 2.152799615057329474e-01 1.819621488476066973e-01 1.780534378965390463e-01 1.565860606885656481e-01 1.353072408902269985e-01 1.270253129938760106e-01 1.863574332700022040e-01 1.991119431971889175e-01 1.195242859619040782e-01 1.318943758543697220e-01 1.944734959965671028e-01 1.593186699205750567e-01 1.834428206614415191e-01 1.618642265482302112e-01
1.980191092279855458e-01 2.186129890505584261e-01 2.117301149591115650e-01 1.919211533040639517e-01 2.038434216009581412e-01 2.158315406976447637e-01 1.782288007359146553e-01 1.838145194859590603e-01 1.873441785803635629e-01 1.912599494109699649e-01 1.698155769098179668e-01 1.635496056198986470e-01 1.571549043687962000e-01 1.603526749230770321e-01 1.525713430778319890e-01 1.400313558136120629e-01 1.617626565203255651e-01 2.140087903554752646e-01 1.603244418736890775e-01 1.368677316301252223e-01
1.971911505818539079e-01 1.563429016529910287e-01 1.965875714055745349e-01 2.186698645381713046e-01 2.243553337830603289e-01 1.757847244587739943e-01 1.893643943474465630e-01 1.943456116233285569e-01 1.883064895941684302e-01 2.113420708590552921e-01 2.063638967979316841e-01 1.888049490955280574e-01 1.829610652713116181e-01 1.964222015029875035e-01 2.005585304937357871e-01 1.520829486767843464e-01 2.015853021589261995e-01 2.092617891147755815e-01 1.529936303871754499e-01 1.695248725711555882e-01
1.725254855731650494e-01 1.750665764633943244e-01 2.033822168488204352e-01 1.789670424776447222e-01 1.836707077840746827e-01 1.886013293956898818e-01 1.636183241237932628e-01 2.106414845114294998e-01 2.041994004519909200e-01 2.136938173616997061e-01 2.109413274601961430e-01 1.872154641708217715e-01 1.864977895807514996e-01 2.065154474575133237e-01 1.818787301999695294e-01 1.756600051034343801e-01 1.429848470167606189e-01 2.208322803094827091e-01 2.000439937621945330e-01 1.929486395094798523e-01
1.981436410541672632e-01 2.082153266095837507e-01 1.676084971997381934e-01 2.076370292918711391e-01 1.923577462617754308e-01 2.337363535717572049e-01 2.187655051994414346e-01 1.898145757926353872e-01 1.917724631841901950e-01 2.108485432021519612e-01 2.181689028132239305e-01 1.894781825927747687e-01 1.991397633951244306e-01 2.156504696540773314e-01 1.800869920541701696e-01 2.087389536522875066e-01 1.820897866290452360e-01 1.874236658815591483e-01 1.866262218825588404e-01 2.257869349680359794e-01
1.830197166884572901e-01 1.852237847519939973e-01 1.957157118952724262e-01 1.852876860848496343e-01 2.195435966162536945e-01 2.061513313449135354e-01 1.911020380177875233e-01 1.644168423389804901e-01 1.967446511694423972e-01 2.094211117177356418e-01 2.091913012843530650e-01 2.137831196258162536e-01 1.776075908066342690e-01 1.756000373633637146e-01 1.982788939499909864e-01 2.201944915640816347e-01 1.989397982657948039e-01 1.685492383619140999e-01 1.925011482079690694e-01 1.724654777811880368e-01
1.635583908441277934e-01 1.889621760133893269e-01 1.975763808104085140e-01 1.710604444126934687e-01 2.238111082594296530e-01 2.365291125884096957e-01 1.918675010837238570e-01 2.270296487968712085e-01 1.919392170408624199e-01 1.936624447027829321e-01 2.105118003732628085e-01 1.946536058210000808e-01 1.948414169771708893e-01 2.110965645999074158e-01 1.899404612389851699e-01 2.131365901052980627e-01 2.107463608806075250e-01 2.144599592496443941e-01 2.491652381352816858e-01 1.937609615862630474e-01
