7.927952904906070207e-05 6.896803370688456779e-05 6.089270368562857839e-05 5.501774803988608836e-05 5.130877650179011077e-05 4.973276485361732141e-05 5.025800864913309185e-05 5.285407042337296994e-05 5.749172386113419596e-05 6.414289718365887819e-05 7.278061718524949937e-05 8.337895479040141871e-05 9.591297263642514868e-05 1.103586749549820717e-04 1.266929598730471207e-04 1.448935741640368412e-04 1.649390704195420111e-04 1.868087665780779024e-04 2.104827077243349282e-04 2.359416300599151937e-04
7.482380791138746050e-05 6.347137948152570058e-05 5.437835742576869021e-05 4.750807634757788390e-05 4.282529154376678006e-05 4.029615236296267528e-05 3.988816047823431340e-05 4.157011930854072514e-05 4.531207885731181663e-05 5.108527878736605937e-05 5.886209154727686631e-05 6.861596666721101910e-05 8.032137689380264474e-05 9.395376653739078538e-05 1.094895022184236082e-04 1.269058260808773333e-04 1.461808114695814032e-04 1.672933210186769719e-04 1.902229670762409014e-04 2.149500743687601128e-04
7.195244550623947533e-05 5.954396770055409721e-05 4.941869859832171520e-05 4.153908648193001897e-05 3.586901491319903089e-05 3.237378635619354958e-05 3.102008657468819850e-05 3.177593731460426205e-05 3.461064248245075453e-05 3.949473132480697883e-05 4.639990088335606061e-05 5.529895916081140202e-05 6.616576986679092369e-05 7.897519924653498334e-05 9.370306526020634452e-05 1.103260892325719613e-04 1.288218499961600377e-04 1.491687404995207297e-04 1.713459268112012106e-04 1.953333094313612389e-04
7.067734488433365797e-05 5.719733168740301555e-05 4.602489817558040418e-05 3.712159810079875878e-05 3.045042814917812025e-05 2.597582455314750570e-05 2.366363553452548849e-05 2.348107854357006264e-05 2.539668862684442950e-05 2.938026223986479234e-05 3.540279935091930906e-05 4.343644565540688736e-05 5.345443602238083257e-05 6.543103983830643184e-05 7.934150861986555595e-05 9.516202607595813262e-05 1.128696606852737220e-04 1.324423207822771282e-04 1.538587120960721751e-04 1.770982976640603289e-04
7.101067350575939558e-05 5.644326427037947314e-05 4.420837928707088823e-05 3.426667421227987760e-05 2.658024657457083988e-05 2.111264861207823179e-05 1.782887007876390913e-05 1.669530163835860693e-05 1.767968647969527776e-05 2.075106543894615404e-05 2.587971916724411185e-05 3.303710963320868915e-05 4.219582239835451996e-05 5.332951053484045426e-05 6.641284068333878010e-05 8.142144151631572780e-05 9.833185471951763298e-05 1.171214885168644313e-04 1.377685737021034284e-04 1.602521221065991881e-04
7.296486693193367213e-05 5.729382308590934069e-05 4.398082349441557114e-05 3.298562795746116651e-05 2.426942626738920887e-05 1.779487107559598496e-05 1.352607384224536825e-05 1.142857633391680534e-05 1.146930680108824562e-05 1.361652726470739935e-05 1.783977627991487763e-05 2.410981004500439343e-05 3.239854368444135030e-05 4.267899382666132037e-05 5.492522314108850618e-05 6.911228719838424057e-05 8.521618383408619696e-05 1.032138050777024502e-04 1.230828916327208339e-04 1.448019898554410607e-04
7.655263147827277045e-05 5.976133525158386486e-05 4.535417673969322682e-05 3.329002928050976738e-05 2.352917106070114128e-05 1.603334243713240562e-05 1.076575833513780598e-05 7.691090210631282430e-06 6.775428409051797330e-06 7.986232686526008374e-06 1.129227624988025866e-05 1.666358688824086555e-05 2.407138750151253362e-05 3.348803746627904355e-05 4.488697570670893315e-05 5.824266596479537022e-05 7.353054453117764482e-05 9.072697054584830426e-05 1.098091788899576619e-04 1.307552356278465300e-04
8.178694556159976875e-05 6.385840121138594322e-05 4.834065482567059032e-05 3.519171139007683323e-05 2.437093951133949648e-05 1.583915829042647347e-05 9.558670059449454718e-06 5.493255643149465443e-06 3.608144880793511882e-06 3.869971712388919506e-06 6.246720356623264196e-06 1.070766699967013713e-05 1.722331988752922338e-05 2.576535965609003031e-05 3.630658102152567235e-05 4.882083649178731258e-05 6.328298245902032836e-05 7.966882784943849286e-05 9.795508538819733323e-05 1.181193254625296195e-04
8.868105944504997042e-05 6.959789752130891936e-05 5.295274825902303783e-05 3.870277689322126002e-05 2.680645175973471377e-05 1.722366651608392660e-05 9.915797752817260053e-06 4.845716929822350341e-06 1.977771464106794097e-06 1.277746024033321793e-06 2.712811926566640427e-06 6.251470068122147699e-06 1.186349099612052427e-05 1.951985444113215354e-05 2.919268975299700534e-05 4.085521810597715468e-05 5.448169696439912623e-05 7.004736706439477784e-05 8.752840201957493059e-05 1.069018605644412256e-04
9.724849304115434586e-05 7.699297830683919566e-05 5.920322625382242192e-05 4.383560345999268620e-05 3.084769618365717527e-05 2.019847444156715438e-05 1.184837972368416986e-05 5.759357585078982492e-06 1.894852191124583681e-06 2.197758327223603331e-07 7.004628902911521851e-07 3.304614874762867566e-06 8.001241015841975275e-06 1.476059731356321049e-05 2.355412589419937424e-05 3.435439579378572934e-05 4.713504582515521611e-05 6.187072988604236834e-05 7.853706487938538977e-05 9.711058129872822517e-05
1.075030313954637067e-04 8.605707508219315465e-05 6.710513965824138095e-05 5.060284884355755147e-05 3.650693572625240187e-05 2.477545589792454049e-05 1.536791122953433701e-05 8.245307766958944709e-06 3.370167181681471252e-06 7.065069538190793277e-07 2.198005695033255282e-07 1.876925764256238106e-06 5.646106316878163601e-06 1.149685103606700945e-05 1.939989227343343162e-05 2.932712540879270406e-05 4.125155017031999568e-05 5.514721427747941928e-05 7.098915965785752608e-05 8.875337134101747409e-05
1.194587174369391423e-04 9.680389458245507097e-05 7.667182252552457713e-05 5.901745504897128327e-05 4.379671375114288419e-05 3.096675807352515151e-05 2.048615183608376545e-05 1.231495180391535421e-05 6.414740117252522029e-06 2.748618091518361203e-06 1.281174693576075691e-06 1.978439351884240671e-06 4.807825830874975552e-06 9.738071692196015498e-06 1.673917628117429270e-05 2.578233908657220734e-05 3.683989959651741354e-05 4.988527930269346885e-05 6.489292620621585068e-05 8.183826199176588581e-05
1.331298415499806130e-04 1.092474142185816279e-04 8.791689201291355592e-05 6.909265140676742979e-05 5.272985924735841421e-05 3.878480804305975025e-05 2.721513267758281750e-05 1.797993577211303502e-05 1.103984585875319850e-05 6.357028321489679917e-06 3.895164642220366478e-06 3.619411467953233736e-06 5.496347669709441148e-06 9.493914970695155439e-06 1.558135582233646823e-05 2.372915087456514298e-05 3.390895748871106726e-05 4.609355015291369094e-05 6.025676328387622209e-05 7.637343666135309453e-05
1.485309274977028972e-04 1.234018747249719596e-04 1.008542462454219011e-04 8.084195626366041357e-05 6.331949117020479047e-05 4.824231882136766579e-05 3.556716351855731693e-05 2.525217506056883597e-05 1.725701817181451796e-05 1.154290475319416350e-05 8.072586906926043491e-06 6.810324339935486192e-06 7.721835987320273864e-06 1.077424269022002080e-05 1.593600550216352842e-05 2.317686258581059961e-05 3.246776655329723692e-05 4.378082337416914956e-05 5.708923349660321880e-05 7.236723553351342205e-05
1.656767142141763979e-04 1.392817695405996700e-04 1.154980597416992562e-04 9.427917696555579885e-05 7.557902166831723535e-05 5.935229476032050512e-05 4.555483949126812472e-05 3.414386184296517332e-05 2.507805750990903533e-05 1.831767034401995522e-05 1.382450275961672289e-05 1.156189400921319478e-05 1.149467808700428689e-05 1.358912957021881355e-05 1.781290305281514196e-05 2.413496988429130456e-05 3.252555457295556231e-05 4.295607230437554705e-05 5.539906843137192699e-05 6.982816041548727275e-05
1.845821329807273165e-04 1.569018304335574848e-04 1.318627759581484358e-04 1.094184077553085100e-04 8.952215790108591150e-05 7.212803606972360826e-05 5.719104735607213625e-05 4.466747235503836834e-05 3.451503879343292055e-05 2.669301183024586232e-05 2.116222610894913839e-05 1.788507797549519697e-05 1.682549177478232652e-05 1.794887025296236272e-05 2.122203600761611326e-05 2.661316861106811856e-05 3.409174039118069302e-05 4.362845272970712672e-05 5.519517399958126611e-05 6.876487978392661297e-05
2.052622795235303538e-04 1.762770088678204520e-04 1.499630964710502515e-04 1.262740251702806047e-04 1.051629021083810855e-04 8.658314220430279786e-05 7.048897109870671737e-05 5.683577384844643688e-05 4.558031910069246457e-05 3.668088772403121456e-05 3.009733151862907359e-05 2.579108305728085846e-05 2.372513295625669903e-05 2.386398657937278793e-05 2.617360862974491155e-05 3.062136135771465601e-05 3.717594013522586272e-05 4.580730876775659894e-05 5.648663599437141934e-05 6.918623403253956153e-05
2.277323806040092136e-04 1.974224526081488711e-04 1.698139662928866030e-04 1.448606804803219308e-04 1.225155495471227755e-04 1.027315138145085485e-04 8.546209663888235109e-05 7.066183106743388512e-05 5.828654516887037167e-05 4.829353631324114529e-05 4.064166235126892400e-05 3.529137344974103219e-05 3.220470346997222774e-05 3.134523511949306062e-05 3.267804909964788519e-05 3.616966429583255385e-05 4.178797368748567208e-05 4.950217898744218534e-05 5.928272587383414966e-05 7.110124093405496989e-05
2.520077547448696309e-04 2.203534770808737307e-04 1.914305547962787438e-04 1.651932886654362831e-04 1.415946838612292956e-04 1.205873529081525329e-04 1.021242153854020186e-04 8.615901205273982790e-05 7.264666057424617714e-05 6.154348358060495231e-05 5.280733898606737706e-05 4.639767895422161701e-05 4.227555914701884468e-05 4.040361495464619843e-05 4.074601696479731650e-05 4.326841426790609146e-05 4.793787141017097613e-05 5.472280277507487198e-05 6.359290677735732688e-05 7.451910132280940499e-05
2.781037668194022232e-04 2.450855310447058516e-04 2.148282317251912514e-04 1.872870134101185943e-04 1.624151694092680631e-04 1.401651608286051372e-04 1.204894263245145003e-04 1.033409930477402266e-04 8.867391243131626235e-05 7.644355093754172208e-05 6.660676704939681042e-05 5.912200334211166984e-05 5.394931807723767292e-05 5.105037570890434359e-05 5.038841085362869888e-05 5.192817614643207739e-05 5.563588113591564710e-05 6.147912695444505645e-05 6.942683978608593578e-05 7.944920500813147418e-05
