8.762436993738495158e-05 7.885643908881712310e-05 7.124687735500384871e-05 6.479526362423950923e-05 5.950117669473280462e-05 5.536419529666741535e-05 5.238389811357834251e-05 5.055986380412579094e-05 4.989167102318246106e-05 5.037889844328321490e-05 5.202112477580916005e-05 5.481792879166005791e-05 5.876888934237614061e-05 6.387358538066556144e-05 7.013159598111975783e-05 7.754250036056184589e-05 8.610587789826454461e-05 9.582130815622273722e-05 1.066883708991335419e-04 1.187066461142891310e-04
7.911207879773793112e-05 7.016668568794102957e-05 6.238029518986873303e-05 5.575248702030872252e-05 5.028284079277014828e-05 4.597093603919048897e-05 4.281635223182156158e-05 4.081866880478082473e-05 3.997746517557862608e-05 4.029232076640458759e-05 4.176281502539629109e-05 4.438852744777344825e-05 4.816903759664649826e-05 5.310392512394599909e-05 5.919276979110233382e-05 6.643515148948107168e-05 7.483065026085995567e-05 8.437884631775071373e-05 9.507932006337844501e-05 1.069316521117505815e-04
7.172921647403992357e-05 6.260608915895497545e-05 5.464259836090257721e-05 4.783832463641986987e-05 4.219284842522597409e-05 3.770575007212290114e-05 3.437660984884543863e-05 3.220500797587880155e-05 3.119052464402524987e-05 3.133274003574620166e-05 3.263123434663561616e-05 3.508558780657294071e-05 3.869538070074062739e-05 4.346019339054296016e-05 4.937960633449553391e-05 5.645320010875347068e-05 6.468055542764393874e-05 7.406125316409364640e-05 8.459487436984324937e-05 9.628100029552245855e-05
6.547663178951455224e-05 5.617549863754164738e-05 4.803463630928252138e-05 4.105362621229482258e-05 3.523204962361279284e-05 3.056948771187635567e-05 2.706552155936497745e-05 2.471973218377921462e-05 2.353170055993375934e-05 2.350100764135208708e-05 2.462723438171108455e-05 2.690996175608105474e-05 3.034877078216945568e-05 3.494324254136748389e-05 4.069295819945449030e-05 4.759749902763346413e-05 5.565644642295156748e-05 6.486938192885932577e-05 7.523588725557954753e-05 8.675554430023077403e-05
6.035517515652672100e-05 5.087576485565908999e-05 4.255726007963407751e-05 3.539924309817362152e-05 2.940129603685705806e-05 2.456300089932593076e-05 2.088393958937247554e-05 1.836369393287433838e-05 1.700184569956718795e-05 1.679797662479552218e-05 1.775166843098633583e-05 1.986250284910195106e-05 2.313006163992970942e-05 2.755392661511707629e-05 3.313367965834767122e-05 3.986890274602945133e-05 4.775917796820746693e-05 5.680408754898091646e-05 6.700321386704293988e-05 7.835613947603721247e-05
5.636569857273394056e-05 4.670774013792710749e-05 3.821132231633232620e-05 3.087602825124210549e-05 2.470144092801003201e-05 1.968714319645024157e-05 1.583271779297504864e-05 1.313774736264093213e-05 1.160181448108521823e-05 1.122450167627357851e-05 1.200539145025192748e-05 1.394406630049189509e-05 1.704010874146590112e-05 2.129310132573253097e-05 2.670262666519178054e-05 3.326826745193739465e-05 4.098960647919060868e-05 4.986622666196235184e-05 5.989771105761210217e-05 7.108364288629390670e-05
5.350905561770495259e-05 4.367227839815154188e-05 3.499767726027656434e-05 2.748483623234248250e-05 2.113333917085024168e-05 1.594276978300476904e-05 1.191271164904482721e-05 9.042748244295085032e-06 7.332462961273001573e-06 6.781439131557155991e-06 7.389260047554936328e-06 9.155508984118271453e-06 1.207976922003737331e-05 1.616162405940455872e-05 2.140065685284411122e-05 2.779645101859202748e-05 3.534859006342402628e-05 4.405665760352790565e-05 5.392023738510885603e-05 6.493891330498015356e-05
5.178610144908894530e-05 4.177023513557644359e-05 3.291718074512052733e-05 2.522652320237464595e-05 1.869784724643096572e-05 1.333073745322979361e-05 9.124778258023290845e-06 6.079553977593318218e-06 4.194648832426175881e-06 3.469646968721277681e-06 3.904132480169599399e-06 5.497689429812197431e-06 8.249901871556666771e-06 1.216035387167514934e-05 1.722862953013798830e-05 2.345431300179272722e-05 3.083698851745334587e-05 3.937624040479961398e-05 4.907165310916725072e-05 5.992281121420162029e-05
5.119769279887540154e-05 4.100246743128375449e-05 3.197069019366971407e-05 2.410194691874076393e-05 1.739582323958011474e-05 1.185190461225937692e-05 7.469776338394784660e-06 4.249023587464629344e-06 2.189231419068796740e-06 1.289984805049469028e-06 1.550868651449098503e-06 2.971467820364017490e-06 5.551367151664301544e-06 9.290151484529250101e-06 1.418740567896387813e-05 2.024271463702642215e-05 2.745566332403118768e-05 3.582583678959755765e-05 4.535282018852830258e-05 5.603619880156410189e-05
5.174468796947346785e-05 4.136983394425085747e-05 3.215906461418071351e-05 2.411196673163089750e-05 1.722812683522541272e-05 1.150713127266422741e-05 6.948566223296773908e-06 3.552017720591636367e-06 1.317071674502581293e-06 2.433138936793310246e-07 3.303301075446508522e-07 1.577705988260170050e-06 3.985027172532453231e-06 7.551879283307464473e-06 1.227784795131957238e-05 1.816251883649684697e-05 2.520547764925989346e-05 3.340631017164871921e-05 4.276460227833729579e-05 5.327993995749332596e-05
5.342794682986025178e-05 4.287319490759012279e-05 3.348316459651911746e-05 2.525744358029228810e-05 1.819561931477200984e-05 1.229727905078801847e-05 7.562009856887750611e-06 3.989398641920559558e-06 1.579032177479770454e-06 3.304971202416815649e-07 2.433800341514235676e-07 1.317267412479901152e-06 3.551745699757122186e-06 6.946401313564564502e-06 1.150082066619782313e-05 1.721459018617851143e-05 2.408729633966840908e-05 3.211852565169433157e-05 4.130786472728688937e-05 5.165490027244504977e-05
5.624833081146253408e-05 4.551341212455688927e-05 3.594385230821553186e-05 2.753923998922286942e-05 2.029916355230538958e-05 1.422321116305358286e-05 9.310970790752548548e-06 5.562030231072698654e-06 2.975977128629157447e-06 1.552398999410609412e-06 1.290883253086578543e-06 2.191017215161741944e-06 4.252388149042493352e-06 7.474583277905673655e-06 1.185718980648282766e-05 1.739979494269522465e-05 2.410198591916258635e-05 3.196335001452949785e-05 4.098347457474309371e-05 5.116194703410575190e-05
6.020670290412546787e-05 4.929134896447814282e-05 3.954199149058313691e-05 3.095822006421150016e-05 2.353962401073088394e-05 1.728579242217318900e-05 1.219631418016017118e-05 8.270777978715380336e-06 5.508772346893678993e-06 3.909885671375289640e-06 3.473706218829128987e-06 4.199822158209878799e-06 6.087821582889088255e-06 9.137292532680971473e-06 1.334782301572395956e-05 1.871900103019429959e-05 2.525041458594854261e-05 3.294165172598015790e-05 4.179230054776759739e-05 5.180194922445633494e-05
6.530392765187803734e-05 5.420787035864759151e-05 4.427844745463181019e-05 3.551524948842971338e-05 2.791786673791760002e-05 2.148588923333169873e-05 1.621890678030094178e-05 1.211650898279318084e-05 9.178285265859885067e-06 7.403824898248846057e-06 6.792717015013158430e-06 7.344550639799624660e-06 9.058914707171662113e-06 1.193539808467100970e-05 1.597358959484398362e-05 2.117307803710238642e-05 2.753345220938508624e-05 3.505430092982696276e-05 4.373521305809424583e-05 5.357577751682100845e-05
7.154087114870250085e-05 6.026384279618895312e-05 5.015408707688092434e-05 4.121119551827219518e-05 3.343475936262242291e-05 2.682436959018978472e-05 2.137961694239824025e-05 1.710009194479665437e-05 1.398538492999600384e-05 1.203508606039378055e-05 1.124878535077988461e-05 1.162607269088263056e-05 1.316653786765988641e-05 1.586977058762896453e-05 1.973536049880742784e-05 2.476289721284390078e-05 3.095197032672813536e-05 3.830216944453868874e-05 4.681308419896865289e-05 5.648430427276626074e-05
7.891840103424805188e-05 6.746013431971933623e-05 5.716977879525050540e-05 4.804692697928708616e-05 4.009117109043017321e-05 3.330210307091276730e-05 2.767931460971621908e-05 2.322239716577295863e-05 1.993094199087945832e-05 1.780454015260303613e-05 1.684278255706500899e-05 1.704525997143707477e-05 1.841156304644710637e-05 2.094128233875839924e-05 2.463400833312916449e-05 2.948933146444793186e-05 3.550684213981222576e-05 4.268613076015502066e-05 5.102678774200836501e-05 6.052840353904952089e-05
8.743738648924641917e-05 7.579761452097118441e-05 6.532639260468781875e-05 5.602331426189649652e-05 4.788797269965825023e-05 4.091996083408173739e-05 3.511887131366721098e-05 3.048429654244500658e-05 2.701582870318213094e-05 2.471305978035309074e-05 2.357558158288284249e-05 2.360298576687959823e-05 2.479486385829353964e-05 2.715080727521015604e-05 3.067040735034378703e-05 3.535325535311524488e-05 4.119894251162869422e-05 4.820706003481660341e-05 5.637719913389037954e-05 6.570895104428671430e-05
9.709869823116587626e-05 8.527715453641197742e-05 7.462480005282037571e-05 6.514122931713849855e-05 5.682603653701100729e-05 4.967881561445800550e-05 4.369916016943917707e-05 3.888666356308781186e-05 3.524091892088686046e-05 3.276151915587142982e-05 3.144805699144632624e-05 3.130012498426294483e-05 3.231731554686723639e-05 3.449922097030438088e-05 3.784543344651960367e-05 4.235554509058876531e-05 4.802914796295121454e-05 5.486583409143280083e-05 6.286519549303183955e-05 7.202682419577992106e-05
1.079032085095532378e-04 9.589962704272618466e-05 8.506587423548860722e-05 7.540154565221566358e-05 6.690623651330418020e-05 5.957954171878231299e-05 5.342105587215160707e-05 4.843037330352332906e-05 4.460708809301837564e-05 4.195079409403818920e-05 4.046108495619266576e-05 4.013755414829136680e-05 4.097979498105164584e-05 4.298740062991007922e-05 4.615996415743701785e-05 5.049707853570674766e-05 5.599833666870892435e-05 6.266333141421873360e-05 7.049165560614914874e-05 7.948290207612052983e-05
1.198517911012366582e-04 1.076659062520351736e-04 9.665048979223276389e-05 8.680513832608096995e-05 7.812944809900233139e-05 7.062301502136612721e-05 6.428543469221730585e-05 5.911630242268911279e-05 5.511521325957618691e-05 5.228176200840770407e-05 5.061554325683614554e-05 5.011615139748971156e-05 5.078318065097476143e-05 5.261622508854371622e-05 5.561487865494242405e-05 5.977873519056841998e-05 6.510738845418681151e-05 7.160043214498593904e-05 7.925745992475349128e-05 8.807806543973146639e-05
