### DIFF = 0.01
### R = 0.6
### q = 0.75
### Bz(x) = sin2.0x
ky, kz, GROWTH_RATE
0.0, 0.25, -0.016679099427488405
0.0, 0.5, -0.03401890697253255
0.0, 0.75, -0.06714607272996112
0.0, 1.0, -0.1167099518135476
0.25, 0.0, -0.09414617110350729
0.25, 0.25, -0.016096391688666632
0.25, 0.5, -0.051600020382516515
0.25, 0.75, -0.06535272753743122
0.25, 1.0, -0.114191673824872
0.5, 0.0, -0.209240502390954
0.5, 0.25, 0.01102010942013945
0.5, 0.5, -0.060868202846446305
0.5, 0.75, -0.08355803329547445
0.5, 1.0, -0.11768630541157973
0.75, 0.0, -0.347237781151992
0.75, 0.25, -0.038881358726944905
0.75, 0.5, -0.07810587250161846
0.75, 0.75, -0.12508363853166715
0.75, 1.0, -0.12806569377848814
1.0, 0.0, -0.42524540042841247
1.0, 0.25, -0.09017213296949426
1.0, 0.5, -0.06752374654891007
1.0, 0.75, -0.1266418247688607
1.0, 1.0, -0.1399275052237889
DOMINANT MODE AT (ky,kz) = (0.5, 0.25)
DOMINANT GROWTH RATE = 0.01102010942013945


### DIFF = 0.002
### R = 0.6
### q = 0.75
### Bz(x) = sin2.0x
ky, kz, GROWTH_RATE
0.0, 0.25, -0.00012055854530382261
0.0, 0.5, -0.003673761606692555
0.0, 0.75, -0.01843996979955914
0.0, 1.0, -0.041479133348109286
0.0, 1.25, -0.06833968311791284
0.0, 1.5, -0.09613526651206296
0.0, 1.75, -0.12369856585208241
0.0, 2.0, -0.15077707389722786
0.0, 2.25, -0.17745674466133232
0.0, 2.5, -0.20390307787425652
0.0, 2.75, -0.23027072616016456
0.25, 0.0, -0.11259685629042723
0.25, 0.25, -0.025849374907703657
0.25, 0.5, -0.024388363024576983
0.25, 0.75, -0.033869860550049195
0.25, 1.0, -0.042487172534320945
0.25, 1.25, -0.06741178547224708
0.25, 1.5, -0.09527690837004385
0.25, 1.75, -0.12326734926736956
0.25, 2.0, -0.15065232457387748
0.25, 2.25, -0.17749057901796078
0.25, 2.5, -0.20401225967632852
0.25, 2.75, -0.23041634823191778
0.5, 0.0, -0.22890005442635622
0.5, 0.25, -0.018330330331731266
0.5, 0.5, -0.04789991026394434
0.5, 0.75, -0.04859501847637034
0.5, 1.0, -0.0514438140344398
0.5, 1.25, -0.07048839158164279
0.5, 1.5, -0.09632339795096583
0.5, 1.75, -0.12378703804702998
0.5, 2.0, -0.1510710106104591
0.5, 2.25, -0.17791612643536364
0.5, 2.5, -0.2044647629602376
0.5, 2.75, -0.23089523070383625
0.75, 0.0, -0.33086485231943213
0.75, 0.25, 0.0008045861788026608
0.75, 0.5, -0.028673522887037256
0.75, 0.75, -0.07692332143761253
0.75, 1.0, -0.05172942583080072
0.75, 1.25, -0.07289334250067213
0.75, 1.5, -0.09843023383221458
0.75, 1.75, -0.12504498488787483
0.75, 2.0, -0.1518599746943808
0.75, 2.25, -0.17857779967871856
0.75, 2.5, -0.20514920355247918
0.75, 2.75, -0.23164147795504048
1.0, 0.0, -0.4697544681425234
1.0, 0.25, -0.04212066803637359
1.0, 0.5, -0.03031125596902295
1.0, 0.75, -0.054027667019771804
1.0, 1.0, -0.05268514758044425
1.0, 1.25, -0.07158905723378699
1.0, 1.5, -0.09831742602529571
1.0, 1.75, -0.12566761567680332
1.0, 2.0, -0.15274566999835523
1.0, 2.25, -0.1795291043114365
1.0, 2.5, -0.20613055848273953
1.0, 2.75, -0.23266707706142808
1.25, 0.0, -0.5833848307976411
1.25, 0.25, -0.11595423711535871
1.25, 0.5, -0.01009391798696227
1.25, 0.75, -0.03964010540744163
1.25, 1.0, -0.06427811917064206
1.25, 1.25, -0.07021738138284322
1.25, 1.5, -0.09721077120434778
1.25, 1.75, -0.1253868050185497
1.25, 2.0, -0.1530714388108504
1.25, 2.25, -0.18024877458975816
1.25, 2.5, -0.20710761482331816
1.25, 2.75, -0.2338219791853619
1.5, 0.0, -0.7013205011115936
1.5, 0.25, -0.21038175767522696
1.5, 0.5, 0.006242785119556739
1.5, 0.75, -0.03945379830020779
1.5, 1.0, -0.08554147293834971
1.5, 1.25, -0.07004043387041672
1.5, 1.5, -0.09581014561354519
1.5, 1.75, -0.12467753370466293
1.5, 2.0, -0.15305079989062073
1.5, 2.25, -0.1807544995269783
1.5, 2.5, -0.20800134953543037
1.5, 2.75, -0.23500378089658483
1.75, 0.0, -0.8226334353658634
1.75, 0.25, -0.32169807114561577
1.75, 0.5, -0.010112883250871089
1.75, 0.75, -0.03586817579370616
1.75, 1.0, -0.0655268708720168
1.75, 1.25, -0.07366566855735879
1.75, 1.5, -0.09445437287162758
1.75, 1.75, -0.12366532992772691
1.75, 2.0, -0.15275196114304337
1.75, 2.25, -0.18107149695886804
1.75, 2.5, -0.20880321965210502
1.75, 2.75, -0.23618189815503582
2.0, 0.0, -0.9481924461468919
2.0, 0.25, -0.44799532709205286
2.0, 0.5, -0.05162119646376955
2.0, 0.75, -0.02247858407495349
2.0, 1.0, -0.05250967669788932
2.0, 1.25, -0.09050338388852897
2.0, 1.5, -0.09385357658447334
2.0, 1.75, -0.12251974320745192
2.0, 2.0, -0.15221867162994568
2.0, 2.25, -0.18120163696801944
2.0, 2.5, -0.209495413327088
2.0, 2.75, -0.23732771314825804
2.25, 0.0, -1.0769639232925072
2.25, 0.25, -0.587626753385077
2.25, 0.5, -0.11186359500629771
2.25, 0.75, -0.0002394256046979233
2.25, 1.0, -0.05244151510132114
2.25, 1.25, -0.1142565052963949
2.25, 1.5, -0.09530178431917737
2.25, 1.75, -0.12156658501101453
2.25, 2.0, -0.15156189773042938
2.25, 2.25, -0.1811770706372177
2.25, 2.5, -0.21007620746487532
2.25, 2.75, -0.23842348560488405
2.5, 0.0, -1.2097499095083442
2.5, 0.25, -0.7391148774987003
2.5, 0.5, -0.18720731082294031
2.5, 0.75, -0.0007600937983203407
2.5, 1.0, -0.047853543839453616
2.5, 1.25, -0.0912438254050192
2.5, 1.5, -0.10139310087767496
2.5, 1.75, -0.1212920011083946
2.5, 2.0, -0.15096469072522534
2.5, 2.25, -0.18107368495860826
2.5, 2.5, -0.21057162042852834
2.5, 2.75, -0.23946984977396155
2.75, 0.0, -1.3455342166940694
2.75, 0.25, -0.9011865752121985
2.75, 0.5, -0.27530179902733826
2.75, 0.75, -0.02613972791082356
2.75, 1.0, -0.04127058895124313
2.75, 1.25, -0.06288021557409487
2.75, 1.5, -0.12018078197655474
2.75, 1.75, -0.12240574044278217
2.75, 2.0, -0.1506755014054102
2.75, 2.25, -0.1810045943458724
2.75, 2.5, -0.2110339135496839
2.75, 2.75, -0.24048667067242774
DOMINANT MODE AT (ky,kz) = (1.5, 0.5)
DOMINANT GROWTH RATE = 0.006242785119556739

### DIFF = 0.001
### R = 0.4
### q = 0.75
### Bz(x) = sin2.0x
ky, kz, GROWTH_RATE
0.0, 0.25, -0.013507576031610832
0.0, 0.5, -0.02625702107757542
0.0, 0.75, -0.0473841057221523
0.0, 1.0, -0.07437612770981429
0.25, 0.0, -0.10227246018333065
0.25, 0.25, -0.03851326205894214
0.25, 0.5, -0.030109062672976715
0.25, 0.75, -0.04662713622121236
0.25, 1.0, -0.07373351190633588
0.5, 0.0, -0.2288242631311646
0.5, 0.25, -0.03411878517742074
0.5, 0.5, -0.03824479531848225
0.5, 0.75, -0.055116015689551746
0.5, 1.0, -0.07732435732505102
0.75, 0.0, -0.35136863582279654
0.75, 0.25, -0.022454757820900152
0.75, 0.5, -0.03959653055060515
0.75, 0.75, -0.05521009996260049
0.75, 1.0, -0.08221129603004329
1.0, 0.0, -0.4839300263168644
1.0, 0.25, 0.00022266543053003278
1.0, 0.5, -0.066301732706421
1.0, 0.75, -0.052939526406222834
1.0, 1.0, -0.08274416409633614
DOMINANT MODE AT (ky,kz) = (1.0, 0.25)
DOMINANT GROWTH RATE = 0.00022266543053003278
