### DIFF = 0.01
### R = 0.6
### q = 0.75
### Bz(x) = sin2.0x
ky, kz, GROWTH_RATE
0.0, 0.25, -0.017972281018487336
0.0, 0.5, -0.0762160253321002
0.0, 0.75, -0.13000435998392287
0.0, 1.0, -0.15889763017078556
0.25, 0.0, -0.06522637728460158
0.25, 0.25, -0.019670876029010773
0.25, 0.5, -0.0726982004935078
0.25, 0.75, -0.13250173329030662
0.25, 1.0, -0.16913409765885234
0.5, 0.0, -0.10504996659790956
0.5, 0.25, 0.046915883598654236
0.5, 0.5, -0.03424979822155142
0.5, 0.75, -0.137745395920941
0.5, 1.0, -0.16192439900404473
0.75, 0.0, -0.19230930981887973
0.75, 0.25, 0.07728655771940415
0.75, 0.5, 0.010812424793058316
0.75, 0.75, -0.15123791002031245
0.75, 1.0, -0.1978837672362813
1.0, 0.0, -0.29461860110725846
1.0, 0.25, 0.08786048609045435
1.0, 0.5, 0.060502643100991176
1.0, 0.75, -0.16730173832024564
1.0, 1.0, -0.21095589272958762
1.25, 0.0, -0.34589570586212376
1.25, 0.25, 0.08421940529913484
1.25, 0.5, 0.08530590681516875
1.25, 0.75, -0.039305134284289486
1.25, 1.0, -0.22041384077829965
1.5, 0.0, -0.46225226228859595
1.5, 0.25, 0.06822222908857753
1.5, 0.5, 0.09402576047704589
1.5, 0.75, -0.013200840169083064
1.5, 1.0, -0.22687374399873309
1.75, 0.0, -0.5179730902553009
1.75, 0.25, 0.04073285418173833
1.75, 0.5, 0.09036897143052898
1.75, 0.75, -0.2663970066592931
1.75, 1.0, -0.2468021413068945
2.0, 0.0, -0.6501372335806672
2.0, 0.25, 0.0021500314306336327
2.0, 0.5, 0.07595350236754567
2.0, 0.75, 0.010121059539568183
2.0, 1.0, -0.2842322717592463
2.25, 0.0, -0.71060263555166
2.25, 0.25, -0.04691905068918252
2.25, 0.5, 0.051580858635245086
2.25, 0.75, 0.003860037493951542
2.25, 1.0, -0.3238101595045614
2.5, 0.0, -0.8529330482432984
2.5, 0.25, -0.10398739374467397
2.5, 0.5, 0.017684881650234272
2.5, 0.75, -0.013313735898279803
2.5, 1.0, -0.15358754518745515
2.75, 0.0, -0.9179122260754908
2.75, 0.25, -0.16453322087767658
2.75, 0.5, -0.37044678887035404
2.75, 0.75, -0.04085945960905527
2.75, 1.0, -0.2865664557393158
3.0, 0.0, -0.9825911738570065
3.0, 0.25, -0.22690939489120923
3.0, 0.5, -0.07662340282121734
3.0, 0.75, -0.2664924350241934
3.0, 1.0, -0.2604113858030065
3.25, 0.0, -1.142370621917372
3.25, 0.25, -0.29250282941059447
3.25, 0.5, -0.13426261672821857
3.25, 0.75, -0.31582286180953495
3.25, 1.0, -0.2605867939958599
3.5, 0.0, -1.211753181997548
3.5, 0.25, -0.36265741017320113
3.5, 0.5, -0.19588588075822894
3.5, 0.75, -0.3749531346908738
3.5, 1.0, -0.2795747961325916
3.75, 0.0, -1.2811492503625235
3.75, 0.25, -0.6895167022170764
3.75, 0.5, -0.26045521395646615
3.75, 0.75, -0.44257377516167123
3.75, 1.0, -0.31242127788916063
4.0, 0.0, -1.3506670194822268
4.0, 0.25, -0.7266497427514301
4.0, 0.5, -0.718854615440882
4.0, 0.75, -0.5177465064227735
4.0, 1.0, -0.3562641089910816
4.25, 0.0, -1.527352250056048
4.25, 0.25, -0.7688105728982036
4.25, 0.5, -0.4010191150352799
4.25, 0.75, -0.59976539126657
4.25, 1.0, -0.40931394971528534
4.5, 0.0, -1.6015354000445028
4.5, 0.25, -0.8204950538010226
4.5, 0.5, -1.0776543203470228
4.5, 0.75, -0.6880785260143522
4.5, 1.0, -0.4703614954317081
4.75, 0.0, -1.6760082231785975
4.75, 0.25, -0.8812192846039226
4.75, 0.5, -1.149618376524424
4.75, 0.75, -0.7822416972963352
4.75, 1.0, -0.5385378488801841
5.0, 0.0, -1.7508375860307563
5.0, 0.25, -1.2272650090973523
5.0, 0.5, -1.19923015451644
5.0, 0.75, -0.8818891341907771
5.0, 1.0, -0.6131885108644329
5.25, 0.0, -1.9463692528689869
5.25, 0.25, -1.0193511981614882
5.25, 0.5, -1.251052332227458
5.25, 0.75, -0.9867135876054375
5.25, 1.0, -0.693802032860863
5.5, 0.0, -2.0258717077933706
5.5, 0.25, -1.3485213449207716
5.5, 0.5, -0.9542333315438889
5.5, 0.75, -1.0964525085983643
5.5, 1.0, -0.7799670017045407
5.75, 0.0, -2.1058329753508507
5.75, 0.25, -1.4135697538052232
5.75, 0.5, -1.3606822103931373
5.75, 0.75, -1.0339944836747246
5.75, 1.0, -0.8713446688508216
6.0, 0.0, -2.186297021008703
6.0, 0.25, -1.481809489049615
6.0, 0.5, -1.4183331895219211
6.0, 0.75, -1.329794432634359
6.0, 1.0, -0.9676507260509374
DOMINANT MODE AT (ky,kz) = (1.5, 0.5)
DOMINANT GROWTH RATE = 0.09402576047704589

### DIFF = 0.01
### R = 0.5
### q = 0.75
### Bz(x) = sin2.0x
ky, kz, GROWTH_RATE
0.0, 0.25, -0.023718107119372906
0.0, 0.5, -0.06203125998575222
0.0, 0.75, -0.12215296010479144
0.0, 1.0, -0.16447283753500685
0.25, 0.0, -0.025552824554093186
0.25, 0.25, -0.021119782013152275
0.25, 0.5, -0.07936546011949061
0.25, 0.75, -0.12472960758846775
0.25, 1.0, -0.16747662281342143
0.5, 0.0, -0.09331315341941397
0.5, 0.25, 0.027238049784454658
0.5, 0.5, -0.03477285962319177
0.5, 0.75, -0.13543703123272394
0.5, 1.0, -0.16355750588182108
0.75, 0.0, -0.17094320134089871
0.75, 0.25, 0.06826447720318261
0.75, 0.5, -0.013071140277262076
0.75, 0.75, -0.1629266548465451
0.75, 1.0, -0.19796212654525294
1.0, 0.0, -0.21026860777110246
1.0, 0.25, 0.08830302728764731
1.0, 0.5, 0.021599400409296605
1.0, 0.75, -0.17121588845437055
1.0, 1.0, -0.19732993570398963
1.25, 0.0, -0.30809582501023436
1.25, 0.25, 0.09540513687541788
1.25, 0.5, 0.05484562625487208
1.25, 0.75, -0.1841403588648408
1.25, 1.0, -0.2053258111719851
1.5, 0.0, -0.3527706911987254
1.5, 0.25, 0.09208605488924818
1.5, 0.5, 0.07554974461971901
1.5, 0.75, -0.05292626490084624
1.5, 1.0, -0.2189486026377528
1.75, 0.0, -0.4621955334933501
1.75, 0.25, 0.07952848781947329
1.75, 0.5, 0.08535714500148128
1.75, 0.75, -0.19680731655174422
1.75, 1.0, -0.23763155592569823
2.0, 0.0, -0.5117512593402562
2.0, 0.25, 0.058330135509093765
2.0, 0.5, 0.0858282509769962
2.0, 0.75, -0.04265055367693183
2.0, 1.0, -0.2309321446432824
2.25, 0.0, -0.6350674504767153
2.25, 0.25, 0.02872126155943689
2.25, 0.5, 0.07787149273454137
2.25, 0.75, -0.033321769316635
2.25, 1.0, -0.25612041441560673
2.5, 0.0, -0.6894700921775143
2.5, 0.25, -0.009313076001186523
2.5, 0.5, 0.06201311464533674
2.5, 0.75, -0.026378628612953627
2.5, 1.0, -0.26290295527469
2.75, 0.0, -0.7437256864923559
2.75, 0.25, -0.055764569135370194
2.75, 0.5, 0.03853827729278472
2.75, 0.75, -0.0283085106568768
2.75, 1.0, -0.2681334243928402
3.0, 0.0, -0.798001623623758
3.0, 0.25, -0.10964936748298816
3.0, 0.5, 0.007569304726123175
3.0, 0.75, -0.03991409109347965
3.0, 1.0, -0.25704622799038956
3.25, 0.0, -0.939382643691174
3.25, 0.25, -0.16759541416960538
3.25, 0.5, -0.030853479579319748
3.25, 0.75, -0.060714196757280736
3.25, 1.0, -0.22218125372091593
3.5, 0.0, -0.9984842220205286
3.5, 0.25, -0.22632955154309728
3.5, 0.5, -0.07659463224209447
3.5, 0.75, -0.263190494229887
3.5, 1.0, -0.22119038034346264
3.75, 0.0, -1.0578413043622752
3.75, 0.25, -0.28609372356350476
3.75, 0.5, -0.12899763229667363
3.75, 0.75, -0.3080586398136603
3.75, 1.0, -0.26600327606878305
4.0, 0.0, -1.1175414479838726
4.0, 0.25, -0.34834171662768415
4.0, 0.5, -0.1863289956702693
4.0, 0.75, -0.3603758619795201
4.0, 1.0, -0.280801253923281
4.25, 0.0, -1.2785059243265466
4.25, 0.25, -0.41403088349501777
4.25, 0.5, -0.24629693872597605
4.25, 0.75, -0.4192776101621194
4.25, 1.0, -0.3082834928520253
4.5, 0.0, -1.3430242653163296
4.5, 0.25, -0.7208668191484846
4.5, 0.5, -0.3078498858348751
4.5, 0.75, -0.2892238724765949
4.5, 1.0, -0.3452309270834379
4.75, 0.0, -1.4080084388700653
4.75, 0.25, -0.7597405793206125
4.75, 0.5, -0.37144339341668675
4.75, 0.75, -0.3494847494675559
4.75, 1.0, -0.38995433781948874
5.0, 0.0, -1.4735156557747975
5.0, 0.25, -0.8018660950430934
5.0, 0.5, -0.4379893381557058
5.0, 0.75, -0.40995494596633725
5.0, 1.0, -0.44139589758515135
5.25, 0.0, -1.6486308870995252
5.25, 0.25, -0.8503021695358925
5.25, 0.5, -0.5083252433105747
5.25, 0.75, -0.4718325775726113
5.25, 1.0, -0.49882414363621125
5.5, 0.0, -1.7187545673169264
5.5, 0.25, -0.9058162018803586
5.5, 0.5, -0.5831409559800489
5.5, 0.75, -0.5363611299154244
5.5, 1.0, -0.5616996881039767
5.75, 0.0, -1.7894776442589833
5.75, 0.25, -0.9671282782810643
5.75, 0.5, -0.8976053088427349
5.75, 0.75, -0.6044246349468889
5.75, 1.0, -0.6296063052761465
6.0, 0.0, -1.8608375860313766
6.0, 0.25, -1.0327084811804945
6.0, 0.5, -0.9362704118009233
6.0, 0.75, -0.6766589433360435
6.0, 1.0, -0.7022117591444463
DOMINANT MODE AT (ky,kz) = (1.25, 0.25)
DOMINANT GROWTH RATE = 0.09540513687541788

### DIFF = 0.01
### R = 0.4
### q = 0.75
### Bz(x) = sin2.0x
ky, kz, GROWTH_RATE
0.0, 0.25, -0.02975436188541739
0.0, 0.5, -0.06657314405379361
0.0, 0.75, -0.1229281006147442
0.0, 1.0, -0.16923212621169348
0.25, 0.0, -0.022106587767415545
0.25, 0.25, -0.022428459506018593
0.25, 0.5, -0.07616841473763228
0.25, 0.75, -0.12720437923599318
0.25, 1.0, -0.16895077162729208
0.5, 0.0, -0.036600676722450785
0.5, 0.25, 0.006480870886484208
0.5, 0.5, -0.03730902987853425
0.5, 0.75, -0.1259488244814931
0.5, 1.0, -0.16695253867624138
0.75, 0.0, -0.1480910724569328
0.75, 0.25, 0.050099536089123625
0.75, 0.5, -0.018065496812395065
0.75, 0.75, -0.1478081401463771
0.75, 1.0, -0.19714793884489906
1.0, 0.0, -0.18258620305272705
1.0, 0.25, 0.07768607331952368
1.0, 0.5, 0.0029579956006882866
1.0, 0.75, -0.15738435958779848
1.0, 1.0, -0.2069512001404215
1.25, 0.0, -0.215893607771103
1.25, 0.25, 0.09304474598782765
1.25, 0.5, 0.021710909012137427
1.25, 0.75, -0.16458907676291815
1.25, 1.0, -0.18798677707818615
1.5, 0.0, -0.3071186140055486
1.5, 0.25, 0.09941106964826604
1.5, 0.5, 0.03731332909755262
1.5, 0.75, -0.14663444802912676
1.5, 1.0, -0.20029654752861303
1.75, 0.0, -0.3460488820875819
1.75, 0.25, 0.09825732261267092
1.75, 0.5, 0.04922981725687884
1.75, 0.75, -0.13942403904780268
1.75, 1.0, -0.21362716314137448
2.0, 0.0, -0.44654289706466477
2.0, 0.25, 0.09036597209127809
2.0, 0.5, 0.05777373462161708
2.0, 0.75, -0.045268459043162124
2.0, 1.0, -0.2083069828955428
2.25, 0.0, -0.4903772622885974
2.25, 0.25, 0.07617368023170382
2.25, 0.5, 0.06252907239358417
2.25, 0.75, -0.13361937719864944
2.25, 1.0, -0.20805190200092974
2.5, 0.0, -0.534251259340252
2.5, 0.25, 0.05590215651824807
2.5, 0.5, 0.06230160155776426
2.5, 0.75, -0.1374646104592501
2.5, 1.0, -0.20849783887217702
2.75, 0.0, -0.5783241987578358
2.75, 0.25, 0.029610615120263285
2.75, 0.5, 0.05632964366263134
2.75, 0.75, -0.14516576022894626
2.75, 1.0, -0.21360705306981595
3.0, 0.0, -0.7001373827578374
3.0, 0.25, -0.0027883835746025896
3.0, 0.5, 0.0444055117426691
3.0, 0.75, -0.15735826749144852
3.0, 1.0, -0.222251213718524
3.25, 0.0, -0.7492046838043236
3.25, 0.25, -0.041522343227165394
3.25, 0.5, 0.02655499283410909
3.25, 0.75, -0.11819555475088098
3.25, 1.0, -0.23373642339743034
3.5, 0.0, -0.7986743784048113
3.5, 0.25, -0.08688189695428924
3.5, 0.5, 0.0028399327901362493
3.5, 0.75, -0.10840837221110027
3.5, 1.0, -0.2478424244547128
3.75, 0.0, -0.8486265196401127
3.75, 0.25, -0.13873220828171284
3.75, 0.5, -0.02671959974894316
3.75, 0.75, -0.10485611143840236
3.75, 1.0, -0.263959768765618
4.0, 0.0, -0.9851842054275498
4.0, 0.25, -0.19494998983251463
4.0, 0.5, -0.062167425250420884
4.0, 0.75, -0.1159679568528043
4.0, 1.0, -0.2809084745058213
4.25, 0.0, -1.0398433279129422
4.25, 0.25, -0.25144450646021166
4.25, 0.5, -0.10358979772845016
4.25, 0.75, -0.13716352158535053
4.25, 1.0, -0.29657122714578454
4.5, 0.0, -1.0950911738570441
4.5, 0.25, -0.3070774992848981
4.5, 0.5, -0.1509937411023399
4.5, 0.75, -0.1668177243110437
4.5, 1.0, -0.30928819341299696
4.75, 0.0, -1.1509763268690618
4.75, 0.25, -0.3633480629285026
4.75, 0.5, -0.2039234909314905
4.75, 0.75, -0.20435861382060894
4.75, 1.0, -0.32206097043149295
5.0, 0.0, -1.2075414479839917
5.0, 0.25, -0.4215317845135743
5.0, 0.5, -0.2607963214171766
5.0, 0.75, -0.24970941930423002
5.0, 1.0, -0.34498286951160156
5.25, 0.0, -1.2648242564104213
5.25, 0.25, -0.4822998811014449
5.25, 0.5, -0.31919184412896606
5.25, 0.75, -0.3027915906717541
5.25, 1.0, -0.37657366466646475
5.5, 0.0, -1.4260643543156728
5.5, 0.25, -0.5458974113917199
5.5, 0.5, -0.3778850238383046
5.5, 0.75, -0.3620513352817601
5.5, 1.0, -0.41490130466240976
5.75, 0.0, -1.4879835503602286
5.75, 0.25, -0.6121285721820395
5.75, 0.5, -0.4373233302426634
5.75, 0.75, -0.42284752607503256
5.75, 1.0, -0.4589181488761684
6.0, 0.0, -1.550666312814722
6.0, 0.25, -0.6801295722438173
6.0, 0.5, -0.49839292235364163
6.0, 0.75, -0.4819214145646646
6.0, 1.0, -0.5079553785065518
DOMINANT MODE AT (ky,kz) = (1.5, 0.25)
DOMINANT GROWTH RATE = 0.09941106964826604

### DIFF = 0.01
### R = 0.3
### q = 0.75
### Bz(x) = sin2.0x
ky, kz, GROWTH_RATE
0.0, 0.25, -0.03476413587855245
0.0, 0.5, -0.07185172578532954
0.0, 0.75, -0.12685423480203245
0.0, 1.0, -0.1533244910609988
0.25, 0.0, -0.018358008371238632
0.25, 0.25, -0.02680761762298809
0.25, 0.5, -0.08057083782332947
0.25, 0.75, -0.12500982249795953
0.25, 1.0, -0.17178718456335895
0.5, 0.0, -0.06710136497394709
0.5, 0.25, -0.003038809768585103
0.5, 0.5, -0.04979586585896739
0.5, 0.75, -0.12005813611527644
0.5, 1.0, -0.17040119322599928
0.75, 0.0, -0.09027850187556602
0.75, 0.25, 0.027937320458084582
0.75, 0.5, -0.019213151137393136
0.75, 0.75, -0.12515962211221546
0.75, 1.0, -0.1705542476975318
1.0, 0.0, -0.11254997323928682
1.0, 0.25, 0.0547543347195473
1.0, 0.5, 0.0016161395817967173
1.0, 0.75, -0.13899257897095382
1.0, 1.0, -0.1712074853168896
1.25, 0.0, -0.1809432013408975
1.25, 0.25, 0.07352915862080281
1.25, 0.5, 0.01899184359990365
1.25, 0.75, -0.14486360689419026
1.25, 1.0, -0.21279482345878958
1.5, 0.0, -0.2091843098188798
1.5, 0.25, 0.0853398286188626
1.5, 0.5, 0.030456848179508465
1.5, 0.75, -0.12408635161260753
1.5, 1.0, -0.17949936685427817
1.75, 0.0, -0.23751479783706267
1.75, 0.25, 0.0914771718134784
1.75, 0.5, 0.036122858185466025
1.75, 0.75, -0.10659236954400894
1.75, 1.0, -0.1867401310363552
2.0, 0.0, -0.3246185646451719
2.0, 0.25, 0.09269480142276174
2.0, 0.5, 0.036821163056675515
2.0, 0.75, -0.09444158441307271
2.0, 1.0, -0.17191153057215464
2.25, 0.0, -0.3584933339863674
2.25, 0.25, 0.08939050362914916
2.25, 0.5, 0.033295479882736304
2.25, 0.75, -0.08704166784107195
2.25, 1.0, -0.16136944716168117
2.5, 0.0, -0.3927708474006132
2.5, 0.25, 0.08177627113834902
2.5, 0.5, 0.026138697547981725
2.5, 0.75, -0.08368893534267512
2.5, 1.0, -0.15543274180405886
2.75, 0.0, -0.42756219001473283
2.75, 0.25, 0.06997027610326875
2.75, 0.5, 0.01594816623864094
2.75, 0.75, -0.08425022060192595
2.75, 1.0, -0.15385548148613173
3.0, 0.0, -0.5297522622885529
3.0, 0.25, 0.05403829852342601
3.0, 0.5, 0.0035528854272090897
3.0, 0.75, -0.08858554420267273
3.0, 1.0, -0.15632768864408148
3.25, 0.0, -0.569480608184181
3.25, 0.25, 0.034008555071842916
3.25, 0.5, -0.009348340808523689
3.25, 0.75, -0.06774688118449607
3.25, 1.0, -0.16250328955922233
3.5, 0.0, -0.6098480902552738
3.5, 0.25, 0.009873034340044717
3.5, 0.5, -0.018715018513441734
3.5, 0.75, -0.08815154052877468
3.5, 1.0, -0.17210297278824757
3.75, 0.0, -0.6509122899536133
3.75, 0.25, -0.01841917319662764
3.75, 0.5, -0.023703461409608922
3.75, 0.75, -0.11135443475362058
3.75, 1.0, -0.18500859637313827
4.0, 0.0, -0.6927219196373116
4.0, 0.25, -0.05097537986834081
4.0, 0.5, -0.03232903779222868
4.0, 0.75, -0.13895922823975565
4.0, 1.0, -0.20103544066210144
4.25, 0.0, -0.8159269488603031
4.25, 0.25, -0.08798038751273737
4.25, 0.5, -0.04703639613559247
4.25, 0.75, -0.15896700450535428
4.25, 1.0, -0.22002276965224765
4.5, 0.0, -0.8624777130976317
4.5, 0.25, -0.12972269394207847
4.5, 0.5, -0.0673995928927166
4.5, 0.75, -0.18145000114964738
4.5, 1.0, -0.24181612434046718
4.75, 0.0, -0.9098254557317915
4.75, 0.25, -0.1765921215365079
4.75, 0.5, -0.09293008590513471
4.75, 0.75, -0.20587531561310723
4.75, 1.0, -0.266255555503345
5.0, 0.0, -0.958001511546974
5.0, 0.25, -0.22882270133113544
5.0, 0.5, -0.1233276753937497
5.0, 0.75, -0.2310830545182719
5.0, 1.0, -0.2931668391209733
5.25, 0.0, -1.0070338816034001
5.25, 0.25, -0.2850794424925176
5.25, 0.5, -0.1584469625255823
5.25, 0.75, -0.2541420335707068
5.25, 1.0, -0.3223485163531477
5.5, 0.0, -1.056948025315711
5.5, 0.25, -0.341005725095947
5.5, 0.5, -0.1982618364077906
5.5, 0.75, -0.2716179346158143
5.5, 1.0, -0.35355659282470087
5.75, 0.0, -1.1077653161153467
5.75, 0.25, -0.3946644424443323
5.75, 0.5, -0.24283327844463584
5.75, 0.75, -0.2914958291817518
5.75, 1.0, -0.3864907275102302
6.0, 0.0, -1.1595061225642471
6.0, 0.25, -0.4477965604499484
6.0, 0.5, -0.2922325933985108
6.0, 0.75, -0.3196106435215946
6.0, 1.0, -0.42079397992196194
DOMINANT MODE AT (ky,kz) = (2.0, 0.25)
DOMINANT GROWTH RATE = 0.09269480142276174

### DIFF = 0.01
### R = 0.2
### q = 0.75
### Bz(x) = sin2.0x
ky, kz, GROWTH_RATE
0.0, 0.25, -0.0384541466330179
0.0, 0.5, -0.07610412022883156
0.0, 0.75, -0.13063136126586575
0.0, 1.0, -0.14402004541042068
0.25, 0.0, -0.014170834015111346
0.25, 0.25, -0.03765892041146786
0.25, 0.5, -0.08534988124050458
0.25, 0.75, -0.11792145852969492
0.25, 1.0, -0.14282082716598338
0.5, 0.0, -0.02398158776741529
0.5, 0.25, -0.009259060633103434
0.5, 0.5, -0.061135156248108224
0.5, 0.75, -0.1026084871735421
0.5, 1.0, -0.17367027549205688
0.75, 0.0, -0.0337745151735322
0.75, 0.25, 0.016409327750619315
0.75, 0.5, -0.027644007692337474
0.75, 0.75, -0.10001005351311075
0.75, 1.0, -0.17491658281563618
1.0, 0.0, -0.08826004852116487
1.0, 0.25, 0.03736110772942296
1.0, 0.5, 0.0011316674885111326
1.0, 0.75, -0.11689804731830082
1.0, 1.0, -0.17778963167105083
1.25, 0.0, -0.10643812580299876
1.25, 0.25, 0.05133590048507515
1.25, 0.5, 0.022762009735697863
1.25, 0.75, -0.11210142585605758
1.25, 1.0, -0.1821097483190087
1.5, 0.0, -0.1649660724569514
1.5, 0.25, 0.059465182019131736
1.5, 0.5, 0.038020770989316846
1.5, 0.75, -0.09161134895995862
1.5, 1.0, -0.16567613340615028
1.75, 0.0, -0.18851193443383643
1.75, 0.25, 0.0629342953048507
1.75, 0.5, 0.047476410390191924
1.75, 0.75, -0.07399072741556662
1.75, 1.0, -0.14326621560293673
2.0, 0.0, -0.21258620305272666
2.0, 0.25, 0.06265625892892474
2.0, 0.5, 0.05189739803029247
2.0, 0.75, -0.060076350175510496
2.0, 1.0, -0.12489711778064902
2.25, 0.0, -0.23730930981885828
2.25, 0.25, 0.05935263522817222
2.25, 0.5, 0.051974361730652084
2.25, 0.75, -0.05003098591894099
2.25, 1.0, -0.11108767424504357
2.5, 0.0, -0.2627686077711003
2.5, 0.25, 0.05365694733559254
2.5, 0.5, 0.04826040312434739
2.5, 0.75, -0.04375883373393801
2.5, 1.0, -0.10168769881479309
2.75, 0.0, -0.2890316722828604
2.75, 0.25, 0.0461902833577224
2.75, 0.5, 0.041187054307632885
2.75, 0.75, -0.041081004425529505
2.75, 1.0, -0.09639595551100985
3.0, 0.0, -0.3746185316163803
3.0, 0.25, 0.03754360680212132
3.0, 0.5, 0.031091457219673553
3.0, 0.75, -0.041798952084963516
3.0, 1.0, -0.09490839332359473
3.25, 0.0, -0.4058439899042309
3.25, 0.25, 0.028038171062683335
3.25, 0.5, 0.01823931454288417
3.25, 0.75, -0.04571790779945012
3.25, 1.0, -0.09695234406228528
3.5, 0.0, -0.4379238358164563
3.5, 0.25, 0.01739298265715398
3.5, 0.5, 0.0028417633005165324
3.5, 0.75, -0.052655757206241806
3.5, 1.0, -0.10228985428143508
3.75, 0.0, -0.47089562250769235
3.75, 0.25, 0.004893587861381122
3.75, 0.5, -0.014932556645600054
3.75, 0.75, -0.06244622619328508
3.75, 1.0, -0.11071384633535976
4.0, 0.0, -0.5047908987906751
4.0, 0.25, -0.010069405996948208
4.0, 0.5, -0.03494871964446584
4.0, 0.75, -0.07494083517347246
4.0, 1.0, -0.12204352851015304
4.25, 0.0, -0.5396366120540417
4.25, 0.25, -0.027804746259171093
4.25, 0.5, -0.057099082967574724
4.25, 0.75, -0.08101431224547485
4.25, 1.0, -0.13612048910598587
4.5, 0.0, -0.5754559080108977
4.5, 0.25, -0.04841803542710693
4.5, 0.5, -0.08129889052340125
4.5, 0.75, -0.10484557071289118
4.5, 1.0, -0.15280553348077475
4.75, 0.0, -0.6122691729657727
4.75, 0.25, -0.07192348503258543
4.75, 0.5, -0.10748397241813498
4.75, 0.75, -0.12741763071847076
4.75, 1.0, -0.1719760338860859
5.0, 0.0, -0.6500944228329641
5.0, 0.25, -0.09830470201044401
5.0, 0.5, -0.1356109521671964
5.0, 0.75, -0.14956568141533066
5.0, 1.0, -0.1935237773732646
5.25, 0.0, -0.6889471030711848
5.25, 0.25, -0.12754254359891007
5.25, 0.5, -0.16427978258728804
5.25, 0.75, -0.17390354898894417
5.25, 1.0, -0.21735333210224161
5.5, 0.0, -0.8051991987577729
5.5, 0.25, -0.15962821255690482
5.5, 0.5, -0.19186789714776267
5.5, 0.75, -0.20036544268153075
5.5, 1.0, -0.24338022603152956
5.75, 0.0, -0.8484443753179247
5.75, 0.25, -0.19457090685917214
5.75, 0.5, -0.22131320296478973
5.75, 0.75, -0.22889445328408134
5.75, 1.0, -0.2715290479405397
6.0, 0.0, -0.8927219196372814
6.0, 0.25, -0.23240450570070315
6.0, 0.5, -0.25233045579582947
6.0, 0.75, -0.25944088709246005
6.0, 1.0, -0.3017325101147812
DOMINANT MODE AT (ky,kz) = (1.75, 0.25)
DOMINANT GROWTH RATE = 0.0629342953048507

### DIFF = 0.01
### R = 0.1
### q = 0.75
### Bz(x) = sin2.0x
ky, kz, GROWTH_RATE
0.0, 0.25, -0.0407059458745236
0.0, 0.5, -0.07879342784021695
0.0, 0.75, -0.1265616103645094
0.0, 1.0, -0.14123112864710233
0.25, 0.0, -0.009025685002951065
0.25, 0.25, -0.047266212943781895
0.25, 0.5, -0.08499904119344882
0.25, 0.75, -0.11608891601932995
0.25, 1.0, -0.14018608031952645
0.5, 0.0, -0.016045834015111362
0.5, 0.25, -0.02140744044552953
0.5, 0.5, -0.06514005156921773
0.5, 0.75, -0.09709798359640465
0.5, 1.0, -0.1767478885494169
0.75, 0.0, -0.02335800837123877
0.75, 0.25, 0.008110704380719926
0.75, 0.5, -0.03606232187751942
0.75, 0.75, -0.07312275003327412
0.75, 1.0, -0.1789061339051256
1.0, 0.0, -0.03148158776741131
1.0, 0.25, 0.03056446365961978
1.0, 0.5, -0.0020739605930031125
1.0, 0.75, -0.04473829000088335
1.0, 1.0, -0.08979620652542579
1.25, 0.0, -0.04055282455409331
1.25, 0.25, 0.0458885695389971
1.25, 0.5, 0.025180026235020685
1.25, 0.75, -0.01626140827180471
1.25, 1.0, -0.06627041206105715
1.5, 0.0, -0.0506495151735315
1.5, 0.25, 0.05552897348807475
1.5, 0.5, 0.045152656475854966
1.5, 0.75, 0.007681711227396339
1.5, 1.0, -0.04422156917266066
1.75, 0.0, -0.10221668499693932
1.75, 0.25, 0.06061701202950068
1.75, 0.5, 0.058869476108163205
1.75, 0.75, 0.025903417840773737
1.75, 1.0, -0.10191802473580909
2.0, 0.0, -0.11826004369084006
2.0, 0.25, 0.06192968989518488
2.0, 0.5, 0.06736083966530339
2.0, 0.75, -0.031051783507233695
2.0, 1.0, -0.08162226135140807
2.25, 0.0, -0.08751126759000738
2.25, 0.25, 0.060008779281350004
2.25, 0.5, 0.071442538342709
2.25, 0.75, -0.019159867982373333
2.25, 1.0, -0.06584465104803834
2.5, 0.0, -0.15331311857527966
2.5, 0.25, 0.05524409207325934
2.5, 0.5, 0.07173271479669885
2.5, 0.75, -0.010909593680778934
2.5, 1.0, -0.05426183963591327
2.75, 0.0, -0.17239553662879076
2.75, 0.25, 0.047924773465936994
2.75, 0.5, 0.06870037743047908
2.75, 0.75, -0.006109872369571693
2.75, 1.0, -0.04655639045932331
3.0, 0.0, -0.19254993242506752
3.0, 0.25, 0.038271038635029786
3.0, 0.5, 0.06270614842850235
3.0, 0.75, 0.04677119833131454
3.0, 1.0, -0.042438461520594536
3.25, 0.0, -0.21379586879004095
3.25, 0.25, 0.026454343113057534
3.25, 0.5, 0.05403161802924118
3.25, 0.75, 0.040291634264250295
3.25, 1.0, -0.04164992470292205
3.5, 0.0, -0.23614928328202098
3.5, 0.25, 0.012610623463898508
3.5, 0.5, 0.042899874163668486
3.5, 0.75, 0.03105081328263962
3.5, 1.0, -0.04396288439785195
3.75, 0.0, -0.2596237029401693
3.75, 0.25, -0.0031507210515899988
3.75, 0.5, 0.029489937689706237
3.75, 0.75, 0.01926789644725046
3.75, 1.0, -0.04917671616014005
4.0, 0.0, -0.2842304670616964
4.0, 0.25, -0.020740546552907052
4.0, 0.5, 0.013947081620654628
4.0, 0.75, 0.00512278802958688
4.0, 1.0, -0.05711495770546506
4.25, 0.0, -0.3099792113721476
4.25, 0.25, -0.04008545125667641
4.25, 0.5, -0.0036096491669858496
4.25, 0.75, -0.011235878955827637
4.25, 1.0, -0.05073163670139188
4.5, 0.0, -0.33687847244072894
4.5, 0.25, -0.061124458616568504
4.5, 0.5, -0.02308185585864528
4.5, 0.75, -0.02968451719847589
4.5, 1.0, -0.06860542203277684
4.75, 0.0, -0.3649354886377727
4.75, 0.25, -0.08380653327026433
4.75, 0.5, -0.044387572382561157
4.75, 0.75, -0.05011972390863658
4.75, 1.0, -0.08857601995997094
5.0, 0.0, -0.39415667043336733
5.0, 0.25, -0.1080886904478643
5.0, 0.5, -0.06745803867612124
5.0, 0.75, -0.07245446642226987
5.0, 1.0, -0.11054663607530653
5.25, 0.0, -0.4245477154366474
5.25, 0.25, -0.13393453625652427
5.25, 0.5, -0.09223519837102606
5.25, 0.75, -0.09661507092044531
5.25, 1.0, -0.13284798355575278
5.5, 0.0, -0.4561136307893744
5.5, 0.25, -0.1613131260403205
5.5, 0.5, -0.11866973719849856
5.5, 0.75, -0.12253883002701511
5.5, 1.0, -0.1544522568071742
5.75, 0.0, -0.48885905320532486
5.75, 0.25, -0.1901980620014216
5.75, 0.5, -0.14671953079507827
5.75, 0.75, -0.1501720902631426
5.75, 1.0, -0.17801498561552723
6.0, 0.0, -0.5227879387041279
6.0, 0.25, -0.22056677534892238
6.0, 0.5, -0.17634840632157234
6.0, 0.75, -0.17946871405543807
6.0, 1.0, -0.20347177772345149
DOMINANT MODE AT (ky,kz) = (2.5, 0.5)
DOMINANT GROWTH RATE = 0.07173271479669885

### DIFF = 0.01
### R = 0.01
### q = 0.75
### Bz(x) = sin2.0x
ky, kz, GROWTH_RATE
0.0, 0.25, -0.041454947664029296
0.0, 0.5, -0.07970031672369285
0.0, 0.75, -0.1245699840687453
0.0, 1.0, -0.14117970087204812
0.25, 0.0, -0.0010185823669239273
0.25, 0.25, -0.04393485756211165
0.25, 0.5, -0.08014603269727803
0.25, 0.75, -0.11805458906128698
0.25, 1.0, -0.13761850724253105
0.5, 0.0, -0.004300711438254038
0.5, 0.25, -0.03182744093051017
0.5, 0.5, -0.06416284433151433
0.5, 0.75, -0.09972871582891098
0.5, 1.0, -0.12583775240254633
0.75, 0.0, -0.010977005349215597
0.75, 0.25, -0.001651809683991758
0.75, 0.5, -0.03640670158965203
0.75, 0.75, -0.07193794410915416
0.75, 1.0, -0.10596145014653308
1.0, 0.0, -0.015620417660507058
1.0, 0.25, 0.024502389958193406
1.0, 0.5, -0.0030082538972778508
1.0, 0.75, -0.04002381680095428
1.0, 1.0, -0.08023243948147796
1.25, 0.0, -0.021583112008353566
1.25, 0.25, 0.04288000941175257
1.25, 0.5, 0.026921353346819506
1.25, 0.75, -0.00902259612687663
1.25, 1.0, -0.052785216724184826
1.5, 0.0, -0.028858804787183466
1.5, 0.25, 0.055270536933577905
1.5, 0.5, 0.0500246455807979
1.5, 0.75, 0.017915102035397708
1.5, 1.0, -0.027076998921214696
1.75, 0.0, -0.037439244157501
1.75, 0.25, 0.06288176145562527
1.75, 0.5, 0.06673802834588856
1.75, 0.75, 0.03950397716024851
1.75, 1.0, -0.004913590017781492
2.0, 0.0, -0.04731425626072637
2.0, 0.25, 0.06653233398100539
2.0, 0.5, 0.07804575588121973
2.0, 0.75, 0.05572829835520615
2.0, 1.0, 0.0130067792254744
2.25, 0.0, -0.05847216970392699
2.25, 0.25, 0.06680478262620074
2.25, 0.5, 0.08479608615213834
2.25, 0.75, 0.06705806841466451
2.25, 1.0, 0.02658535250834203
2.5, 0.0, -0.07090068500294287
2.5, 0.25, 0.06412859178782114
2.5, 0.5, 0.08764669462868001
2.5, 0.75, 0.07404740782841743
2.5, 1.0, 0.03601678454235976
2.75, 0.0, -0.0845880661788837
2.75, 0.25, 0.05882899163141076
2.75, 0.5, 0.08710178308685115
2.75, 0.75, 0.07720068975573924
2.75, 1.0, 0.04160856812690447
3.0, 0.0, -0.09952432931471328
3.0, 0.25, 0.05115730176936639
3.0, 0.5, 0.08355118258765146
3.0, 0.75, 0.07694315498823659
3.0, 1.0, 0.04368768400418088
3.25, 0.0, -0.11570204867753293
3.25, 0.25, 0.04131070320245041
3.25, 0.5, 0.0772999912765834
3.25, 0.75, 0.0736243235451039
3.25, 1.0, 0.042559768029020055
3.5, 0.0, -0.13311656789253037
3.5, 0.25, 0.029445687071149324
3.5, 0.5, 0.06858983721158943
3.5, 0.75, 0.06752952136614454
3.5, 1.0, 0.038495007120166534
3.75, 0.0, -0.15176567381208766
3.75, 0.25, 0.015687571213720112
3.75, 0.5, 0.05761412424654463
3.75, 0.75, 0.05889183012619891
3.75, 1.0, 0.03172610729592225
4.0, 0.0, -0.17164897203621055
4.0, 0.25, 0.0001374688680295497
4.0, 0.5, 0.044529118748719294
4.0, 0.75, 0.04790238732579075
4.0, 1.0, 0.022451109503826013
4.25, 0.0, -0.19276721641221806
4.25, 0.25, -0.017122469361662146
4.25, 0.5, 0.029462152636242002
4.25, 0.75, 0.034718743396843145
4.25, 1.0, 0.010837757542083715
4.5, 0.0, -0.21512175143366027
4.5, 0.25, -0.03602503965126932
4.5, 0.5, 0.012517793764527151
4.5, 0.75, 0.019471497154744055
4.5, 1.0, -0.0029719902696588797
4.75, 0.0, -0.2387141214697789
4.75, 0.25, -0.056514877010601094
4.75, 0.5, -0.006217447634578332
4.75, 0.75, 0.002269533723004527
4.75, 1.0, -0.018857843238174993
5.0, 0.0, -0.2635458340151092
5.0, 0.25, -0.07854604006975771
5.0, 0.5, -0.026671490905234192
5.0, 0.75, -0.016795836519774635
5.0, 1.0, -0.03671760505560849
5.25, 0.0, -0.2896182381942286
5.25, 0.25, -0.10208013239306232
5.25, 0.5, -0.048783867206861745
5.25, 0.75, -0.03764759706075639
5.25, 1.0, -0.056464144527772236
5.5, 0.0, -0.3169324785245412
5.5, 0.25, -0.12708484034168943
5.5, 0.5, -0.07250351911038971
5.5, 0.75, -0.060220417125706284
5.5, 1.0, -0.07802286751158685
5.75, 0.0, -0.3454894925119091
5.75, 0.25, -0.15353279278398038
5.75, 0.5, -0.09778707386629175
5.75, 0.75, -0.0844585738606167
5.75, 1.0, -0.1013296371897462
6.0, 0.0, -0.37529003064305966
6.0, 0.25, -0.18140066781457714
6.0, 0.5, -0.12459748079973368
6.0, 0.75, -0.11031429280221469
6.0, 1.0, -0.12632907874778518
DOMINANT MODE AT (ky,kz) = (2.5, 0.5)
DOMINANT GROWTH RATE = 0.08764669462868001

### DIFF = 0.01
### R = 0.0
### q = 0.75
### Bz(x) = sin2.0x
ky, kz, GROWTH_RATE
0.0, 0.25, -0.041462528125140716
0.0, 0.5, -0.07970952357918898
0.0, 0.75, -0.12455238278500419
0.0, 1.0, -0.14118245736483243
0.25, 0.0, -0.0006249999999999996
0.25, 0.25, -0.04510176414956552
0.25, 0.5, -0.07978812343770281
0.25, 0.75, -0.11816111517372961
0.25, 1.0, -0.13721028730077486
0.5, 0.0, -0.0025000000000000027
0.5, 0.25, -0.036124049621141345
0.5, 0.5, -0.06465922497380559
0.5, 0.75, -0.09948627233895248
0.5, 1.0, -0.12508527888518353
0.75, 0.0, -0.005624999999999992
0.75, 0.25, -0.0032808240779514677
0.75, 0.5, -0.037927315522122536
0.75, 0.75, -0.07146080817594842
0.75, 1.0, -0.10492412427331445
1.0, 0.0, -0.009999999999999966
1.0, 0.25, 0.0236060410115653
1.0, 0.5, -0.003911027694158216
1.0, 0.75, -0.03974883655906291
1.0, 1.0, -0.07894772050520828
1.25, 0.0, -0.015624999999999903
1.25, 0.25, 0.04238859896854482
1.25, 0.5, 0.026731006666394684
1.25, 0.75, -0.008626883793708733
1.25, 1.0, -0.05132455403168547
1.5, 0.0, -0.022499999999999857
1.5, 0.25, 0.05508287948901748
1.5, 0.5, 0.05031479061122759
1.5, 0.75, 0.018710432792971497
1.5, 1.0, -0.02539261440654338
1.75, 0.0, -0.030624999999999913
1.75, 0.25, 0.06294335184259729
1.75, 0.5, 0.06738785483930283
1.75, 0.75, 0.04073026467813338
1.75, 1.0, -0.0028829822803783925
2.0, 0.0, -0.04000000000000064
2.0, 0.25, 0.06680873466025297
2.0, 0.5, 0.07899016077112282
2.0, 0.75, 0.05734378850121569
2.0, 1.0, 0.01545039477815585
2.25, 0.0, -0.050625000000004416
2.25, 0.25, 0.06727187804804537
2.25, 0.5, 0.08599511313877664
2.25, 0.75, 0.06901917513635727
2.25, 1.0, 0.029448614047306688
2.5, 0.0, -0.06250000000000026
2.5, 0.25, 0.0647679743916716
2.5, 0.5, 0.08907356232367403
2.5, 0.75, 0.07632084442522201
2.5, 1.0, 0.03928187012610333
2.75, 0.0, -0.07562499999999994
2.75, 0.25, 0.05962554760690978
2.75, 0.5, 0.08873752400730223
2.75, 0.75, 0.07976260382126715
2.75, 1.0, 0.045253973707250754
3.0, 0.0, -0.08999999999999958
3.0, 0.25, 0.05209791751962857
3.0, 0.5, 0.0853818390105478
3.0, 0.75, 0.07977667173906479
3.0, 1.0, 0.04769522912497334
3.25, 0.0, -0.10562500000000143
3.25, 0.25, 0.04238362501913984
3.25, 0.5, 0.07931497324644692
3.25, 0.75, 0.07671747852836922
3.25, 1.0, 0.04691576360870509
3.5, 0.0, -0.12249999999999965
3.5, 0.25, 0.030640284142627126
3.5, 0.5, 0.07078090498056255
3.5, 0.75, 0.07087374719809011
3.5, 1.0, 0.04318960719527696
3.75, 0.0, -0.14062499999999944
3.75, 0.25, 0.016994331235556357
3.75, 0.5, 0.05997475262143417
3.75, 0.75, 0.06248089138054797
3.75, 1.0, 0.03675232164876397
4.0, 0.0, -0.1600000000000039
4.0, 0.25, 0.0015480943948843052
4.0, 0.5, 0.0470541079069809
4.0, 0.75, 0.051731652508784
4.0, 1.0, 0.027803935225575747
4.25, 0.0, -0.18062500000000806
4.25, 0.25, -0.015614960678305692
4.25, 0.5, 0.03214739274101261
4.25, 0.75, 0.03878470624858576
4.25, 1.0, 0.016513535540738436
4.5, 0.0, -0.20250000000001375
4.5, 0.25, -0.03442626940395076
4.5, 0.5, 0.015360114386820169
4.5, 0.75, 0.023771475917579377
4.5, 1.0, 0.0030239985680813757
4.75, 0.0, -0.2256249999999985
4.75, 0.25, -0.054829136882670666
4.75, 0.5, -0.0032203918008352926
4.75, 0.75, 0.006801487603357193
4.75, 1.0, -0.012543722536100472
5.0, 0.0, -0.25000000000000805
5.0, 0.25, -0.07677639349177941
5.0, 0.5, -0.02352132638176189
5.0, 0.75, -0.012033423726224412
5.0, 1.0, -0.030086915440257756
5.25, 0.0, -0.2756250000000362
5.25, 0.25, -0.10022856596498185
5.25, 0.5, -0.04548161103721511
5.25, 0.75, -0.03265580207727956
5.25, 1.0, -0.049518030504148505
5.5, 0.0, -0.3025000000000004
5.5, 0.25, -0.1251524397635059
5.5, 0.5, -0.06904969022045569
5.5, 0.75, -0.05499995099789109
5.5, 1.0, -0.07076214061102701
5.75, 0.0, -0.33062500000000006
5.75, 0.25, -0.1515199212094874
5.75, 0.5, -0.09418180015838562
5.75, 0.75, -0.07900985104112158
5.75, 1.0, -0.0937548566986629
6.0, 0.0, -0.3600000000000005
6.0, 0.25, -0.1793071310343145
6.0, 0.5, -0.12084059529630989
6.0, 0.75, -0.10463749444576517
6.0, 1.0, -0.11844061962521353
DOMINANT MODE AT (ky,kz) = (2.5, 0.5)
DOMINANT GROWTH RATE = 0.08907356232367403

### DIFF = 0.01
### R = 2.0
### q = 0.75
### Bz(x) = sin2.0x
ky, kz, GROWTH_RATE
0.0, 0.25, 0.14476152233312642
0.0, 0.5, 0.2909146006091252
0.0, 0.75, 0.4023985433695308
0.0, 1.0, 0.4718484787000546
0.25, 0.0, -0.20089360777110185
0.25, 0.25, 0.09154264648323039
0.25, 0.5, 0.2144280780214077
0.25, 0.75, 0.3265366943088746
0.25, 1.0, 0.40534696747094645
0.5, 0.0, -0.47425125934025303
0.5, 0.25, -0.06971623184702301
0.5, 0.5, 0.1557289924683569
0.5, 0.75, -0.17529011799378422
0.5, 1.0, 0.31985771238693167
0.75, 0.0, -0.7960580482434568
0.75, 0.25, -0.2097882595757724
0.75, 0.5, -0.008637034731999622
0.75, 0.75, 0.1391348269993067
0.75, 1.0, 0.22108838194611524
1.0, 0.0, -1.0643938304387046
1.0, 0.25, -0.5919076704792154
1.0, 0.5, -0.17087318581965313
1.0, 0.75, -0.0515565992562418
1.0, 1.0, 0.01899462910515679
1.25, 0.0, -1.344689934779006
1.25, 0.25, -0.6873079678427668
1.25, 0.5, -1.0277943860325982
1.25, 0.75, -0.6676961358206221
1.25, 1.0, -0.44422556017406634
1.5, 0.0, -1.6397764189106987
1.5, 0.25, -1.1218441243739192
1.5, 0.5, -1.382109898636753
1.5, 0.75, -0.9811563932562417
1.5, 1.0, -0.6591143243296307
1.75, 0.0, -1.9457600118075875
1.75, 0.25, -1.2596571892496145
1.75, 0.5, -1.5465128157054058
1.75, 0.75, -1.3503959062191575
1.75, 1.0, -0.9311741524929967
2.0, 0.0, -2.265175544184621
2.0, 0.25, -1.7112498401462048
2.0, 0.5, -1.9569612820009705
2.0, 0.75, -1.744749121547904
2.0, 1.0, -1.2511036034302547
2.25, 0.0, -2.4575692502018174
2.25, 0.25, -1.8712371998464015
2.25, 0.5, -2.1340595116180325
2.25, 0.75, -2.0147291619694583
2.25, 1.0, -1.61267851961541
2.5, 0.0, -2.791341084789177
2.5, 0.25, -2.035504123272574
2.5, 0.5, -2.301349713326727
2.5, 0.75, -2.3316439546619545
2.5, 1.0, -2.0111404720139037
2.75, 0.0, -3.286061507555459
2.75, 0.25, -2.525282356890809
2.75, 0.5, -2.464935160743905
2.75, 0.75, -2.6995682573339277
2.75, 1.0, -2.2412069456562302
3.0, 0.0, -3.3346324078021237
3.0, 0.25, -2.7013011821058344
3.0, 0.5, -2.628322518323238
3.0, 0.75, -2.972644922359968
3.0, 1.0, -2.534174373528305
3.25, 0.0, -3.6942757685203875
3.25, 0.25, -2.8778857984757904
3.25, 0.5, -3.1439243048788987
3.25, 0.75, -3.1563947392713185
3.25, 1.0, -2.8701725044738366
3.5, 0.0, -3.8929019591097407
3.5, 0.25, -3.0541713892090043
3.5, 0.5, -3.3239754194718936
3.5, 0.75, -3.660973816844481
3.5, 1.0, -3.6578123424713334
3.75, 0.0, -4.4437712288567175
3.75, 0.25, -3.5963715506525467
3.75, 0.5, -3.5036355229134966
3.75, 0.75, -3.8586865708578504
3.75, 1.0, -3.8694202715989436
4.0, 0.0, -4.652332788122409
4.0, 0.25, -3.782565287444366
4.0, 0.5, -3.6833529797026676
4.0, 0.75, -4.052392696991985
4.0, 1.0, -4.073381621982131
4.25, 0.0, -4.858240781128288
4.25, 0.25, -4.354749284677136
4.25, 0.5, -4.251746883653385
4.25, 0.75, -4.243767039657079
4.25, 1.0, -4.596193400202952
4.5, 0.0, -5.447039359950929
4.5, 0.25, -4.550486010833164
### DIFF = 0.01
### R = 10.0
### q = 0.75
### Bz(x) = sin2.0x
ky, kz, GROWTH_RATE
0.0, 0.25, 0.28210166066287595
0.0, 0.5, 0.5885635147365204
0.0, 0.75, 0.8861401951230609
0.0, 1.0, 0.6728843205653292
0.0, 1.25, 0.8616481165990237
0.0, 1.5, 1.0452950431066153
0.0, 1.75, 1.2226948205655337
0.0, 2.0, 1.394239949623315
0.0, 2.25, 1.5577014659249409
0.0, 2.5, 1.0630085161319354
0.25, 0.0, -1.3296899347788769
0.25, 0.25, -0.7162479021467786
0.25, 0.5, -0.849065202983057
0.25, 0.75, -0.539117970012713
0.25, 1.0, -0.2431173923339262
0.25, 1.25, -0.05785446778363326
0.25, 1.5, 0.01090897579800536
0.25, 1.75, 0.7326324722196677
0.25, 2.0, 0.9608269760526219
0.25, 2.25, 1.167165925987965
0.25, 2.5, 1.3554972947329391
0.5, 0.0, -2.7313410848234994
0.5, 0.25, -1.9633261829059545
0.5, 0.5, -2.153829765324495
0.5, 0.75, -2.096026574192341
0.5, 1.0, -1.918854085929012
0.5, 1.25, -1.6843987865647005
0.5, 1.5, -1.4074405214032868
0.5, 1.75, -1.2438055478241672
0.5, 2.0, -1.0764155630443757
0.5, 2.25, -0.9323353018279613
0.5, 2.5, -0.7668540594476232
0.75, 0.0, -4.308771234890823
0.75, 0.25, -3.4032867721359854
0.75, 0.5, -3.3159948483153285
0.75, 0.75, -3.5722139163429327
0.75, 1.0, -3.479117377864154
0.75, 1.25, -3.279239801416939
0.75, 1.5, -2.8826313884656236
0.75, 1.75, -2.499152829595126
0.75, 2.0, -2.201536720252423
0.75, 2.25, -2.0046102186158286
0.75, 2.5, -1.8024609369180802
1.0, 0.0, -5.636163462826433
1.0, 0.25, -4.621977909244053
1.0, 0.5, -4.528834641942585
1.0, 0.75, -4.863894860942914
1.0, 1.0, -4.792526341118191
