-1.430984582770965935e-02
-1.512017054655634754e-02
-1.586892357202653037e-02
-1.655506915184109390e-02
-1.717772154570473483e-02
-1.773614564353503259e-02
-1.822975590604420520e-02
-1.865811379894325231e-02
-1.902092395210452230e-02
-1.931802932534283646e-02
-1.954940570053723473e-02
-1.971515584360790385e-02
-1.981550368800261142e-02
-1.985078888313961815e-02
-1.982146202674732460e-02
-1.972808086002009534e-02
-1.957130765048988724e-02
-1.935190792166543300e-02
-1.907075061356168499e-02
-1.872880967743578706e-02
-1.832716702488435684e-02
-1.786701666962316193e-02
-1.734966982345530206e-02
-1.677656063965422828e-02
-1.614925224044769236e-02
-1.546944262321490321e-02
-1.473897001454201050e-02
-1.395981723386040263e-02
-1.313411463970168974e-02
-1.226414126152248346e-02
-1.135232376766371482e-02
-1.040123298363256066e-02
-9.413577752152693656e-03
-8.392196014348665689e-03
-7.340043086570983977e-03
-6.260177205963848857e-03
-5.155742516001093900e-03
-4.029949756940306993e-03
-2.886055011718381691e-03
-1.727336931804351883e-03
-5.570729269826421581e-04
6.214851544052574228e-04
1.805135304256008655e-03
2.990749037561121759e-03
4.175293939525107079e-03
5.355854571326375269e-03
6.529651280700078664e-03
7.694056530862275478e-03
8.846608441516079502e-03
9.985021325644063972e-03
1.110719310202201021e-02
1.221120956221433823e-02
1.329534556851748317e-02
1.435806335229689729e-02
1.539800816705618608e-02
1.641400162440403987e-02
1.740503310135271819e-02
1.837024965217666506e-02
1.930894488610407356e-02
2.022054728280418823e-02
2.110460841104645074e-02
2.196079149277410658e-02
2.278886071650131073e-02
2.358867165228451662e-02
2.436016305786835312e-02
2.510335029462533452e-02
2.581832049549551839e-02
2.650522954827687003e-02
2.716430087930046117e-02
2.779582594759017269e-02
2.840016629066166587e-02
2.897775690243714619e-02
2.952911067321896746e-02
3.005482358269370019e-02
3.055558031046251913e-02
3.103215991504466517e-02
3.148544123161847730e-02
3.191640765043042560e-02
3.232615096087747969e-02
3.271587397945955461e-02
3.308689172152421559e-02
3.344063092519343472e-02
3.377862778914920983e-02
3.410252384208498078e-02
3.441405991865305325e-02
3.471506827279299823e-02
3.500746291270405430e-02
3.529322829091637026e-02
3.557440652664506375e-02
3.585308337486547980e-02
3.613137318657878849e-02
3.641140312707323579e-02
3.669529693341171128e-02
3.698515849891916701e-02
3.728305557134864445e-02
3.759100384310147536e-02
3.791095169695155032e-02
3.824476584988319161e-02
3.859421811169090610e-02
3.896097344476788515e-02
3.934657947791841970e-02
3.975245759097506548e-02
4.017989564938572594e-02
4.063004242964477625e-02
4.110390373833545941e-02
4.160234019045178089e-02
4.212606657736781002e-02
4.267565272206134963e-02
4.325152568967920164e-02
4.385397319589329213e-02
4.448314803432922016e-02
4.513907332816070178e-02
4.582164840018845137e-02
4.653065505069232943e-02
4.726576403327914511e-02
4.802654152593587022e-02
4.881245540747823630e-02
4.962288116833932922e-02
5.045710730877660949e-02
5.131434010651807209e-02
5.219370766886421986e-02
5.309426322038999363e-02
5.401498761556396133e-02
5.495479110460710359e-02
5.591251441942943212e-02
5.688692928313082015e-02
5.787673847993508869e-02
5.888057565118642867e-02
5.989700500590525861e-02
6.092452115026118775e-02
6.196154924825493515e-02
6.300644572524921605e-02
6.405749971638124984e-02
6.511293544329360694e-02
6.617091567534397201e-02
6.722954639617599593e-02
6.828688275427186039e-02
6.934093632821748676e-02
7.038968368553527588e-02
7.143107615995659965e-02
7.246305071797251585e-02
7.348354173356125285e-02
7.449049344231185865e-02
7.548187280482392125e-02
7.645568247619144442e-02
7.740997355523779322e-02
7.834285777530523853e-02
7.925251879875727656e-02
8.013722229041983502e-02
8.099532447097480825e-02
8.182527888932474014e-02
8.262564120217251451e-02
8.339507180801938868e-02
8.413233624956631407e-02
8.483630337081753126e-02
8.550594129045617497e-02
8.614031132851523997e-02
8.673856009614128171e-02
8.729991002550371859e-02
8.782364867593675517e-02
8.830911720075949878e-02
8.875569839480294820e-02
8.916280476382507092e-02
8.952986706258032890e-02
8.985632373777519000e-02
9.014161168553878889e-02
9.038515869104712941e-02
9.058637786184413343e-02
9.074466429805541634e-02
9.085939416444323291e-02
9.092992624387968847e-02
9.095560596240430395e-02
9.093577178586802201e-02
9.086976380060560188e-02
9.075693420891528529e-02
9.059665939746729124e-02
9.038835317589995200e-02
9.013148073616063238e-02
8.982557285245076906e-02
8.947023982818519405e-02
8.906518470077005867e-02
8.861021523715745252e-02
8.810525429228835415e-02
8.755034815727776032e-02
8.694567259251753666e-02
8.629153632024602616e-02
8.558838183860120741e-02
8.483678351148300767e-02
8.403744298224691267e-02
8.319118205085482276e-02
8.229893324021263223e-02
8.136172835485380728e-02
8.038068540105089421e-02
7.935699428947963485e-02
7.829190177789877025e-02
7.718669613073726732e-02
7.604269197445884254e-02
7.486121581224308708e-02
7.364359262969767672e-02
7.239113397644605929e-02
7.110512784854385038e-02
6.978683062627644151e-02
6.843746124386962393e-02
6.705819768515912382e-02
6.565017581559690063e-02
6.421449047939634114e-02
6.275219871427303864e-02
6.126432486798929350e-02
5.975186734324169219e-02
5.821580665234263319e-02
5.665711443207670228e-02
5.507676305288952689e-02
5.347573545537243067e-02
5.185503486039139132e-02
5.021569402610633059e-02
4.855878376392101792e-02
4.688542047399629764e-02
4.519677251687713448e-02
4.349406529828768464e-02
4.177858500636090489e-02
4.005168100160445832e-02
3.831476691699352982e-02
3.656932057620761178e-02
3.481688288001910658e-02
3.305905584248741702e-02
3.129749997871526801e-02
2.953393125387290472e-02
2.777011779896383301e-02
2.600787658297145852e-02
2.424907020471755992e-02
2.249560393262275276e-02
2.074942307864236640e-02
1.901251074634185620e-02
1.728688594496091344e-02
1.557460201406242299e-02
1.387774525959042070e-02
1.219843366431037912e-02
1.053881550582140211e-02
8.901067695353481746e-03
7.287393641645580067e-03
5.700020447038427196e-03
4.141195257610738589e-03
2.613180615239771992e-03
1.118248695789244435e-03
-3.413256374045527120e-04
-1.763272984053647352e-03
-3.145338725129530333e-03
-4.485293415440905207e-03
-5.780944101696394027e-03
-7.030146365889049231e-03
-8.230816849506730759e-03
-9.380945979082590952e-03
-1.047861058994009262e-02
-1.152198613414295164e-02
-1.250935816152379601e-02
-1.343913277949315699e-02
