9.457335957863133302e-06
8.511388714047603971e-05
2.364155935142492684e-04
4.633396566114441478e-04
7.658518625362990134e-04
1.143906562582182318e-03
1.597446647477344939e-03
2.126403515340047345e-03
2.730697033459322798e-03
3.410235494050205436e-03
4.164915564177552702e-03
4.994622230095243851e-03
5.899228736307641011e-03
6.878596519732955300e-03
7.932575139428171135e-03
9.061002202430201366e-03
1.026370328637024078e-02
1.154049185963381893e-02
1.289116919996438973e-02
1.431552431254377172e-02
1.581333384872676134e-02
1.738436202675665981e-02
1.902836055594734482e-02
2.074506856596914847e-02
2.253421254304032242e-02
2.439550627497056451e-02
2.632865080715051515e-02
2.833333441170815536e-02
3.040923257216221476e-02
3.255600798599001672e-02
3.477331058757703736e-02
3.706077759403344357e-02
3.941803357633503341e-02
4.184469055816655153e-02
4.434034814470997482e-02
4.690459368342268093e-02
4.953700245858707468e-02
5.223713792107660681e-02
5.500455195437441158e-02
5.783878517739710762e-02
6.073936728412315106e-02
6.370581741939600195e-02
6.673764458958759971e-02
6.983434810606142795e-02
7.299541805858927868e-02
7.622033581506200417e-02
7.950857454300490346e-02
8.285959974759454783e-02
8.627286982008619542e-02
8.974783658982815604e-02
9.328394587239446922e-02
9.688063800582337459e-02
1.005373483665448070e-01
1.042535078563299883e-01
1.080285433515388166e-01
1.118618781060717327e-01
1.157529320997987554e-01
1.197011223248133222e-01
1.237058630026857259e-01
1.277665657269280719e-01
1.318826395261432638e-01
1.360534908447920688e-01
1.402785234401291992e-01
1.445571381956186063e-01
1.488887328529797105e-01
1.532727016668987419e-01
1.577084349883005887e-01
1.621953187838738319e-01
1.667327341011952679e-01
1.713200564902767065e-01
1.759566553935850708e-01
1.806418935175292673e-01
1.853751261990213839e-01
1.901557007809883681e-01
1.949829560105891813e-01
1.998562214734169451e-01
2.047748170761135855e-01
2.097380525886337610e-01
2.147452272559005060e-01
2.197956294868425031e-01
2.248885366268530417e-01
2.300232148176177271e-01
2.351989189461099472e-01
2.404148926823983512e-01
2.456703686038399503e-01
2.509645684012888345e-01
2.562967031612244928e-01
2.616659737161978749e-01
2.670715710548025590e-01
2.725126767814745610e-01
2.779884636158654332e-01
2.834980959212866636e-01
2.890407302517997157e-01
2.946155159078886476e-01
3.002215954912801910e-01
3.058581054503149987e-01
3.115241766082945674e-01
3.172189346683732536e-01
3.229415006897840001e-01
3.286909915314340513e-01
3.344665202601511678e-01
3.402671965220289141e-01
3.460921268764288183e-01
3.519404150931556008e-01
3.578111624141864788e-01
3.637034677820147888e-01
3.696164280372298272e-01
3.755491380883362873e-01
3.815006910570785670e-01
3.874701784026454709e-01
3.934566900281306068e-01
3.994593143725175821e-01
4.054771384912718712e-01
4.115092481283494918e-01
4.175547277821403669e-01
4.236126607675008704e-01
4.296821292756761168e-01
4.357622144335228653e-01
4.418519963630812009e-01
4.479505542421565178e-01
4.540569663662216704e-01
4.601703102115926036e-01
4.662896624995003236e-01
4.724140992603435008e-01
4.785426958970950828e-01
4.846745272465015075e-01
4.908086676364059597e-01
4.969441909371712374e-01
5.030801706048466659e-01
5.092156797133342572e-01
5.153497909724238379e-01
5.214815767281220094e-01
5.276101089412459366e-01
5.337344591397403804e-01
5.398536983396469147e-01
5.459668969290695228e-01
5.520731245088844608e-01
5.581714496833006800e-01
5.642609397927363934e-01
5.703406605808141183e-01
5.764096757866283838e-01
5.824670466528055757e-01
5.885118313392844192e-01
5.945430842322005915e-01
6.005598551367972160e-01
6.065611883429031792e-01
6.125461215512659763e-01
6.185136846488927809e-01
6.244628983215663176e-01
6.303927724918844122e-01
6.363023045715127113e-01
6.421904775168615354e-01
6.480562576780938278e-01
6.538985924322303633e-01
6.597164075921314597e-01
6.655086045842837361e-01
6.712740573895648044e-01
6.770116092424848242e-01
6.827200690857367915e-01
6.883982077782092590e-01
6.940447540558619677e-01
6.996583902459534432e-01
7.052377477360252112e-01
7.107814021996788911e-01
7.162878685814945134e-01
7.217555958433600205e-01
7.271829614739550030e-01
7.325682657620831151e-01
7.379097258329623266e-01
7.432054694443646081e-01
7.484535285366531454e-01
7.536518325272227870e-01
7.587982013355913935e-01
7.638903381204009690e-01
7.689258217038184018e-01
7.739020986522695544e-01
7.788164749750488003e-01
7.836661073941032507e-01
7.884479941291603344e-01
7.931589651322789036e-01
7.977956716948005900e-01
8.023545753374096146e-01
8.068319358804748598e-01
8.112237985769702453e-01
8.155259801738635739e-01
8.197340537495748647e-01
8.238433321545434174e-01
8.278488498587234234e-01
8.317453429837494694e-01
8.355272272681500967e-01
8.391885736804028939e-01
8.427230813555883771e-01
8.461240474857554261e-01
8.493843337411015604e-01
8.524963287375828536e-01
8.554519059944789561e-01
8.582423767395632730e-01
8.608584368162071065e-01
8.632901068224985153e-01
8.655266644630882356e-01
8.675565679141453712e-01
8.693673687821986684e-01
8.709456129680156478e-01
8.722767274141624005e-01
8.733448903042951850e-01
8.741328817754155933e-01
8.746219115800900612e-01
8.747914193701954444e-01
8.746188423436905834e-01
8.740793438842495711e-01
8.731454955312334398e-01
8.717869031807585767e-01
8.699697669374262254e-01
8.676563627176396842e-01
8.648044329270767605e-01
8.613664739288365846e-01
8.572889105689153189e-01
8.525111541675659543e-01
8.469645520818712692e-01
8.405712566829180998e-01
8.332430721972411414e-01
8.248803820098222772e-01
8.153713182862829534e-01
8.045914091007392299e-01
7.924040198915239808e-01
7.786619830566113842e-01
7.632108595752752356e-01
7.458942678644449042e-01
7.265616101301084484e-01
7.050782922436953370e-01
6.813381577854900062e-01
6.552773686702545453e-01
6.268884447715586949e-01
5.962327519104931861e-01
5.634495481108149351e-01
5.287598766633765379e-01
4.924641614077019391e-01
4.549332312933391798e-01
4.165934936268986810e-01
3.779078583974238570e-01
3.393545886271202572e-01
3.014064046481008119e-01
2.645119119307487998e-01
2.290808607811641862e-01
1.954740424527960374e-01
1.639979389778823682e-01
1.349036905268433395e-01
1.083895826858614075e-01
8.460609035854041449e-02
6.366251097043382212e-02
4.563432568969275072e-02
3.057059107281612925e-02
1.850084201723627836e-02
9.441150886578885543e-03
3.399121186613995697e-03
3.776918382864535850e-04
