9.653162993971843298e-01
9.645943650798971536e-01
9.626873478740057832e-01
9.596768960316987007e-01
9.556851513992848934e-01
9.508558166589334837e-01
9.453368605972625183e-01
9.392660452095912271e-01
9.327638482574918122e-01
9.259298996122268255e-01
9.188444278613623339e-01
9.115697523435506433e-01
9.041540999680124369e-01
8.966336074228515862e-01
8.890358023420653621e-01
8.813807843357346350e-01
8.736838851507296999e-01
8.659559979934724483e-01
8.582055948757603137e-01
8.504384528756159245e-01
8.426592785118346418e-01
8.348710516989216179e-01
8.270764399804170219e-01
8.192769052897863613e-01
8.114740208199492377e-01
8.036684261881212876e-01
7.958611118063170231e-01
7.880522704683746715e-01
7.802425853750305507e-01
7.724320043468806407e-01
7.646210514158066074e-01
7.568095376777193017e-01
7.489979074366190925e-01
7.411858930168824244e-01
7.333739016235405472e-01
7.255616177800284783e-01
7.177494344965689166e-01
7.099370050000446408e-01
7.021247204522657048e-01
6.943122115317456045e-01
6.864998742535790566e-01
6.786873213342055067e-01
6.708749573309498171e-01
6.630623793467907978e-01
6.552500025673121398e-01
6.474374096226361841e-01
6.396250275651156336e-01
6.318124250350996007e-01
6.240000417477921113e-01
6.161874324733045416e-01
6.083750501609981320e-01
6.005624356231681338e-01
5.927500555072751087e-01
5.849374364559591921e-01
5.771250592352105135e-01
5.693124360251434757e-01
5.615000621225038069e-01
5.536874348929403666e-01
5.458750645882161079e-01
5.380624333588429620e-01
5.302500668601504152e-01
5.224374315822005732e-01
5.146250690649480930e-01
5.068124296484582958e-01
4.990000712771746061e-01
4.911874276057187627e-01
4.833750735472305271e-01
4.755624254864550537e-01
4.677500759192614321e-01
4.599374233231171560e-01
4.521250784463543004e-01
4.443124211640133714e-01
4.365000812090327198e-01
4.286874190958515074e-01
4.208750843445372425e-01
4.130624172821359963e-01
4.052500880986161791e-01
3.974374160328946193e-01
3.896250929207106806e-01
3.818124159339957857e-01
3.740000996408516243e-01
3.661874180882596641e-01
3.583751097996127344e-01
3.505624245657378291e-01
3.427501262641038382e-01
3.349374392449532278e-01
3.271251543785358429e-01
3.193124693846484119e-01
3.115002041134217192e-01
3.036875285603396479e-01
2.958752940804619813e-01
2.880626421507037627e-01
2.802504590327403178e-01
2.724378575873427355e-01
2.646257638757579800e-01
2.568132635028280708e-01
2.490013298401429209e-01
2.411890254991572446e-01
2.333773833682754872e-01
2.255654529542100439e-01
2.177543474112825506e-01
2.099431237690113083e-01
2.021330118730803871e-01
1.943231172025873810e-01
1.865148516210273777e-01
1.787074480826282841e-01
1.709026191446747778e-01
1.630998752918448869e-01
1.553014467000653487e-01
1.475074027435070989e-01
1.397208877394789661e-01
1.319430507688538756e-01
1.241786699097697788e-01
1.164309210014688734e-01
1.087074984572729969e-01
1.010152763541597720e-01
9.336706780870550337e-02
8.577623765310846138e-02
7.826422881613750993e-02
7.085508569329182493e-02
6.358367585227042706e-02
5.648968681376925760e-02
4.962594547369493514e-02
4.305121144396296951e-02
3.684050782237882626e-02
3.108984200303932521e-02
2.597628677226113125e-02
2.188254418425193693e-02
1.960719919633746589e-02
2.033839499174772136e-02
2.486455684918476017e-02
3.211869005191203552e-02
3.925598533605134666e-02
4.483685282543869999e-02
5.076039149912214832e-02
5.825079803370158960e-02
6.558601530469881924e-02
7.253740107785311420e-02
8.016427434320871903e-02
8.772340148090779222e-02
9.525380376605885324e-02
1.029929564167459954e-01
1.106554739513804231e-01
1.184092105886635493e-01
1.261559127935071301e-01
1.339290267246973365e-01
1.417093365248105474e-01
1.494998041136043898e-01
1.572950810807141053e-01
1.650960129172911739e-01
1.728989891996309536e-01
1.807055825959826556e-01
1.885127148748994008e-01
1.963222985178665891e-01
2.041316966000848998e-01
2.119428480496909906e-01
2.197534878442999051e-01
2.275654541223454119e-01
2.353767804211617520e-01
2.431891633803133779e-01
2.510008749579292209e-01
2.588134646379627313e-01
2.666253975491089112e-01
2.744380838606924611e-01
2.822501483211702356e-01
2.900628741302161973e-01
2.978750204689721848e-01
3.056877566470786456e-01
3.134999569563096666e-01
3.213126891150727138e-01
3.291249273562757427e-01
3.369376488031290418e-01
3.447499154637751473e-01
3.525626234711051743e-01
3.603749126704383077e-01
3.681876065079845994e-01
3.759999144221218281e-01
3.838125943263958617e-01
3.916249183253358579e-01
3.994375849656770505e-01
4.072499231355740656e-01
4.150625773424275744e-01
4.228749282172248325e-01
4.306875708479457332e-01
4.384999332554494478e-01
4.463125651315759113e-01
4.541249381026263299e-01
4.619375599835722213e-01
4.697499426963495650e-01
4.775625552711307842e-01
4.853749470152091128e-01
4.931875509023814219e-01
5.009999510538604151e-01
5.088125468044254474e-01
5.166249548068903019e-01
5.244375429068812711e-01
5.322499582545425767e-01
5.400625391247585450e-01
5.478749613442815969e-01
5.556875353339217893e-01
5.634999639604347799e-01
5.713125313295576158e-01
5.791249658695329927e-01
5.869375267510267280e-01
5.947499666190633194e-01
6.025625209429510409e-01
6.103749653486741922e-01
6.181875126965978851e-01
6.259999604375073856e-01
6.338124997673486583e-01
6.416249488452874239e-01
6.494374779735968550e-01
6.572499248811660699e-01
6.650624395135755762e-01
6.728748779035508276e-01
6.806873698210381685e-01
6.884997880226692013e-01
6.963122416911209367e-01
7.041246180719690217e-01
7.119370043064120468e-01
7.197492986090279210e-01
7.275615627359243165e-01
7.353736998951401205e-01
7.431857396372635316e-01
7.509975795518193387e-01
7.588092037175284688e-01
7.666204847900413011e-01
7.744313361176756727e-01
7.822415698192575206e-01
7.900509809145461748e-01
7.978592549632262942e-01
8.056659794468082891e-01
8.134705906436119349e-01
8.212723018879715120e-01
8.290700720689367920e-01
8.368624302664299242e-01
8.446474349542790749e-01
8.524223565047622797e-01
8.601835726728128684e-01
8.679260396322725502e-01
8.756430302737246985e-01
8.833252759993429626e-01
8.909603976920033030e-01
8.985315393009798424e-01
9.060162866132271953e-01
9.133845872815605782e-01
9.205969960680774333e-01
9.276018581546268127e-01
9.343331442295300659e-01
9.407076737309627568e-01
9.466241057339477294e-01
9.519628156073910441e-01
9.565897524842175148e-01
9.603633432761713440e-01
9.631470253069004395e-01
9.648243450555002987e-01
