-2.152415377556146370e-01
-2.226310616580106649e-01
-2.295702160691247828e-01
-2.358595757250560310e-01
-2.413048953384963613e-01
-2.457215682869448026e-01
-2.489386463745967559e-01
-2.508023072270870180e-01
-2.511786827023407276e-01
-2.499559927792556202e-01
-2.470459629516912892e-01
-2.423845371875082977e-01
-2.359319308885773347e-01
-2.276720969522037785e-01
-2.176117011675711144e-01
-2.057787193507459866e-01
-1.922207769037431180e-01
-1.770033515349002939e-01
-1.602079519640058347e-01
-1.419303704000536293e-01
-1.222790857691528343e-01
-1.013738698194846799e-01
-7.934462131751597591e-02
-5.633042663869335109e-02
-3.247882013671579693e-02
-7.945196518056113488e-03
1.710768852145219676e-02
4.251020293342168410e-02
6.808638487809144657e-02
9.365462430685864148e-02
1.190285429306006670e-01
1.440181209444605925e-01
1.684310998826488437e-01
1.920746694686074618e-01
2.147574239159063814e-01
2.362915514310307552e-01
2.564952011651298602e-01
2.751949558431056597e-01
2.922283267666366258e-01
3.074461815110743901e-01
3.207150137260696421e-01
3.319189689628677664e-01
3.409615500131093491e-01
3.477669391914270380e-01
3.522808924299332123e-01
3.544711799086144310e-01
3.543275690488927876e-01
3.518613668369020009e-01
3.471045584316286847e-01
3.401085967468073790e-01
3.309429122043470173e-01
3.196932223500483783e-01
3.064597269240582067e-01
2.913552749576148182e-01
2.745035864558975636e-01
2.560376024272877915e-01
2.360980239032082761e-01
2.148320838830793389e-01
1.923925767815557464e-01
1.689371490759068450e-01
1.446278337010393766e-01
1.196307906286909195e-01
9.411619829248507596e-02
6.825822628736499809e-02
4.223501011717273323e-02
1.622854448294536178e-02
-9.575586813231895533e-03
-3.498871869275743673e-02
-5.981991136705672174e-02
-8.387709822372796387e-02
-1.069685950881937853e-01
-1.289049656620139261e-01
-1.495012115653869267e-01
-1.685792296982726590e-01
-1.859704564097700019e-01
-2.015185989738605965e-01
-2.150823416376737851e-01
-2.265379072138232752e-01
-2.357813565486553409e-01
-2.427305173891544654e-01
-2.473264507851647143e-01
-2.495343862156533810e-01
-2.493440846121843246e-01
-2.467696194472872306e-01
-2.418485978662113789e-01
-2.346408741757269045e-01
-2.252268346591737025e-01
-2.137053537280691473e-01
-2.001915353410192167e-01
-1.848143594653392230e-01
-1.677143507963042568e-01
-1.490413763004954373e-01
-1.289526603428961526e-01
-1.076110826501542328e-01
-8.518379701515356450e-02
-6.184117956863102034e-02
-3.775608681677706385e-02
-1.310337756000679726e-02
1.194036889465131812e-02
3.719702168370186968e-02
6.248704701931449834e-02
8.762973084648580102e-02
1.124435645643379750e-01
1.367468710430587153e-01
1.603587309176032483e-01
1.831002478370390152e-01
2.047961675870104969e-01
2.252768414390418361e-01
2.443805003016379929e-01
2.619557846543978386e-01
2.778644569589393543e-01
2.919842090436507442e-01
3.042114672792904928e-01
3.144640932820465529e-01
3.226838771862806654e-01
3.288387237820095121e-01
3.329244384339676288e-01
3.349660290615211200e-01
3.350184519655196036e-01
3.331667424407042666e-01
3.295254855506052349e-01
3.242375979576407330e-01
3.174724082206858422e-01
3.094230405128437500e-01
3.003031253163853109e-01
2.903428803109269207e-01
2.797846252453190519e-01
2.688778157344756115e-01
2.578737020643946387e-01
2.470197393756516369e-01
2.365538939432398069e-01
2.266990054198994853e-01
2.176573755282582012e-01
2.096057584971814935e-01
2.026909264626891305e-01
1.970259733590716267e-01
1.926875032404399835e-01
1.897138237722584275e-01
1.881042336679843996e-01
1.878194555148198219e-01
1.887832245856100322e-01
1.908850020311117224e-01
1.939837395751558002e-01
1.979125847096220303e-01
2.024843823574569157e-01
2.074978025642997548e-01
2.127439049758267364e-01
2.180129400476502610e-01
2.231011839242972028e-01
2.278176080114715785e-01
2.319901943644925857e-01
2.354717228106614213e-01
2.381448738421396427e-01
2.399265114926117104e-01
2.407710316227262559e-01
2.406726826026974742e-01
2.396667869963529651e-01
2.378298145934612251e-01
2.352782793888688606e-01
2.321664564468558511e-01
2.286829396464637731e-01
2.250460885935359201e-01
2.214984427455608251e-01
2.183002128448420787e-01
2.157219933937151723e-01
2.140368738718813613e-01
2.135121588992404118e-01
2.144009363716227190e-01
2.169337552775998934e-01
2.213106889659482990e-01
2.276940628575563619e-01
2.362021162982569644e-01
2.469038455248012687e-01
2.598152386199819031e-01
2.748970649702803803e-01
2.920543232464848926e-01
3.111373863382195237e-01
3.319448126833106638e-01
3.542277250895762286e-01
3.776955944972335555e-01
4.020232108733698961e-01
4.268585796103661067e-01
4.518314515796486575e-01
4.765621795202663602e-01
5.006705928327306321e-01
5.237845962577614145e-01
5.455482237008119073e-01
5.656289143793085117e-01
5.837238219259536232e-01
5.995650153544278549e-01
6.129234812292180257e-01
6.236118865486276475e-01
6.314861096452824007e-01
6.364455901064864918e-01
6.384325869813691767e-01
6.374304664044786461e-01
6.334611645871943697e-01
6.265819895547339868e-01
6.168819349282155251e-01
6.044776815735709574e-01
5.895094583646274256e-01
5.721369221288880036e-01
5.525351997432919049e-01
5.308912131941277979e-01
5.074003822635673178e-01
4.822637705731385172e-01
4.556857103526611996e-01
4.278719109468576698e-01
3.990280271779640398e-01
3.693586376570774377e-01
3.390665612569607190e-01
3.083524232979286128e-01
2.774143723591333544e-01
2.464478444908091148e-01
2.156452740952367053e-01
1.851956596271195910e-01
1.552839069473754552e-01
1.260898927395811275e-01
9.778721369175280564e-02
7.054161278691387094e-02
4.450910054451330533e-02
1.983381488781879587e-02
-3.354312991762850582e-03
-2.494199918162535307e-02
-4.483505079829479961e-02
-6.296069958196520711e-02
-7.926970783375660023e-02
-9.373813126250712946e-02
-1.063686314400665994e-01
-1.171912442810586902e-01
-1.262635294914174477e-01
-1.336700482578809246e-01
-1.395211413994761063e-01
-1.439510065066842703e-01
-1.471150989858207858e-01
-1.491869072113113648e-01
-1.503541751152026040e-01
-1.508146656520657769e-01
-1.507715750318084358e-01
-1.504287200072280950e-01
-1.499856286507688652e-01
-1.496326689584359104e-01
-1.495463494284130779e-01
-1.498849217279013823e-01
-1.507844079880999444e-01
-1.523551644726601206e-01
-1.546790796559464054e-01
-1.578074884076233197e-01
-1.617598652760406097e-01
-1.665233390655020684e-01
-1.720530483201679339e-01
-1.782733333452855284e-01
-1.850797355152698498e-01
-1.923417494839122777e-01
-1.999062493305266974e-01
-2.076014866053524366e-01
